cov_scale,fault_active,gate,gate_supervision_mask,gate_target,k,sensor_id,t,valid,weight
,0.0,,,,0,1,0.0,1.0,0.24122804403305054
,0.0,,,,0,2,0.0,1.0,0.18748772144317627
,0.0,,,,0,3,0.0,1.0,0.25541743636131287
,0.0,,,,0,4,0.0,1.0,0.3158668279647827
,0.0,,,,1,1,0.10000000149011612,1.0,0.2367536425590515
,0.0,,,,1,2,0.10000000149011612,1.0,0.27664685249328613
,0.0,,,,1,3,0.10000000149011612,1.0,0.24353422224521637
,0.0,,,,1,4,0.10000000149011612,1.0,0.24306528270244598
,0.0,,,,2,1,0.20000000298023224,1.0,0.18562155961990356
,0.0,,,,2,2,0.20000000298023224,1.0,0.22628898918628693
,0.0,,,,2,3,0.20000000298023224,1.0,0.25519827008247375
,0.0,,,,2,4,0.20000000298023224,1.0,0.3328911364078522
,0.0,,,,3,1,0.30000001192092896,1.0,0.2776734530925751
,0.0,,,,3,2,0.30000001192092896,1.0,0.24744245409965515
,0.0,,,,3,3,0.30000001192092896,1.0,0.09363970905542374
,0.0,,,,3,4,0.30000001192092896,1.0,0.38124436140060425
,0.0,,,,4,1,0.4000000059604645,1.0,0.3870430290699005
,0.0,,,,4,2,0.4000000059604645,1.0,0.25519871711730957
,0.0,,,,4,3,0.4000000059604645,1.0,0.14294476807117462
,0.0,,,,4,4,0.4000000059604645,1.0,0.21481341123580933
,0.0,,,,5,1,0.5,1.0,0.26448166370391846
,0.0,,,,5,2,0.5,1.0,0.4237038791179657
,0.0,,,,5,3,0.5,1.0,0.20800365507602692
,0.0,,,,5,4,0.5,1.0,0.10381082445383072
,0.0,,,,6,1,0.6000000238418579,1.0,0.17574359476566315
,0.0,,,,6,2,0.6000000238418579,1.0,0.41871047019958496
,0.0,,,,6,3,0.6000000238418579,1.0,0.1819651573896408
,0.0,,,,6,4,0.6000000238418579,1.0,0.2235807478427887
,0.0,,,,7,1,0.699999988079071,1.0,0.17442728579044342
,0.0,,,,7,2,0.699999988079071,1.0,0.2667860686779022
,0.0,,,,7,3,0.699999988079071,1.0,0.1292688101530075
,0.0,,,,7,4,0.699999988079071,1.0,0.4295178949832916
,0.0,,,,8,1,0.800000011920929,1.0,0.2093408852815628
,0.0,,,,8,2,0.800000011920929,1.0,0.2674621641635895
,0.0,,,,8,3,0.800000011920929,1.0,0.16970962285995483
,0.0,,,,8,4,0.800000011920929,1.0,0.35348737239837646
,0.0,,,,9,1,0.8999999761581421,1.0,0.16674482822418213
,0.0,,,,9,2,0.8999999761581421,1.0,0.2109595686197281
,0.0,,,,9,3,0.8999999761581421,1.0,0.2621481120586395
,0.0,,,,9,4,0.8999999761581421,1.0,0.36014753580093384
,0.0,,,,10,1,1.0,1.0,0.2467859834432602
,0.0,,,,10,2,1.0,1.0,0.19094985723495483
,0.0,,,,10,3,1.0,1.0,0.23512309789657593
,0.0,,,,10,4,1.0,1.0,0.32714104652404785
,0.0,,,,11,1,1.100000023841858,1.0,0.18600045144557953
,0.0,,,,11,2,1.100000023841858,1.0,0.20092043280601501
,0.0,,,,11,3,1.100000023841858,1.0,0.16430629789829254
,0.0,,,,11,4,1.100000023841858,1.0,0.4487728774547577
,0.0,,,,12,1,1.2000000476837158,1.0,0.17281854152679443
,0.0,,,,12,2,1.2000000476837158,1.0,0.19592396914958954
,0.0,,,,12,3,1.2000000476837158,1.0,0.1900235414505005
,0.0,,,,12,4,1.2000000476837158,1.0,0.44123396277427673
,0.0,,,,13,1,1.2999999523162842,1.0,0.0463520847260952
,0.0,,,,13,2,1.2999999523162842,1.0,0.18530315160751343
,0.0,,,,13,3,1.2999999523162842,1.0,0.2129395604133606
,0.0,,,,13,4,1.2999999523162842,1.0,0.5554052591323853
,0.0,,,,14,1,1.399999976158142,1.0,0.14164046943187714
,0.0,,,,14,2,1.399999976158142,1.0,0.11016714572906494
,0.0,,,,14,3,1.399999976158142,1.0,0.0914909616112709
,0.0,,,,14,4,1.399999976158142,1.0,0.656701385974884
,0.0,,,,15,1,1.5,1.0,0.2483729124069214
,0.0,,,,15,2,1.5,1.0,0.03692794218659401
,0.0,,,,15,3,1.5,1.0,0.2523511052131653
,0.0,,,,15,4,1.5,1.0,0.4623480439186096
,0.0,,,,16,1,1.600000023841858,1.0,0.2594195306301117
,0.0,,,,16,2,1.600000023841858,1.0,0.014925145544111729
,0.0,,,,16,3,1.600000023841858,1.0,0.5716596245765686
,0.0,,,,16,4,1.600000023841858,1.0,0.15399572253227234
,0.0,,,,17,1,1.7000000476837158,1.0,0.3974023163318634
,0.0,,,,17,2,1.7000000476837158,1.0,0.02341151237487793
,0.0,,,,17,3,1.7000000476837158,1.0,0.470220685005188
,0.0,,,,17,4,1.7000000476837158,1.0,0.1089654192328453
,0.0,,,,18,1,1.7999999523162842,1.0,0.4042489230632782
,0.0,,,,18,2,1.7999999523162842,1.0,0.04202936217188835
,0.0,,,,18,3,1.7999999523162842,1.0,0.3845939040184021
,0.0,,,,18,4,1.7999999523162842,1.0,0.16912783682346344
,0.0,,,,19,1,1.899999976158142,1.0,0.22217531502246857
,0.0,,,,19,2,1.899999976158142,1.0,0.18330153822898865
,0.0,,,,19,3,1.899999976158142,1.0,0.1845792829990387
,0.0,,,,19,4,1.899999976158142,1.0,0.4099438786506653
,0.0,,,,20,1,2.0,1.0,0.2646818459033966
,0.0,,,,20,2,2.0,1.0,0.2117878794670105
,0.0,,,,20,3,2.0,1.0,0.15121440589427948
,0.0,,,,20,4,2.0,1.0,0.372315913438797
,0.0,,,,21,1,2.0999999046325684,1.0,0.3131987452507019
,0.0,,,,21,2,2.0999999046325684,1.0,0.2368178367614746
,0.0,,,,21,3,2.0999999046325684,1.0,0.1610136181116104
,0.0,,,,21,4,2.0999999046325684,1.0,0.2889697849750519
,0.0,,,,22,1,2.200000047683716,1.0,0.3640292286872864
,0.0,,,,22,2,2.200000047683716,1.0,0.20731575787067413
,0.0,,,,22,3,2.200000047683716,1.0,0.19969986379146576
,0.0,,,,22,4,2.200000047683716,1.0,0.22895516455173492
,0.0,,,,23,1,2.299999952316284,1.0,0.4411550462245941
,0.0,,,,23,2,2.299999952316284,1.0,0.21383531391620636
,0.0,,,,23,3,2.299999952316284,1.0,0.23686720430850983
,0.0,,,,23,4,2.299999952316284,1.0,0.10814248770475388
,0.0,,,,24,1,2.4000000953674316,1.0,0.3065040707588196
,0.0,,,,24,2,2.4000000953674316,1.0,0.2962524890899658
,0.0,,,,24,3,2.4000000953674316,1.0,0.27241623401641846
,0.0,,,,24,4,2.4000000953674316,1.0,0.12482725828886032
,0.0,,,,25,1,2.5,1.0,0.348414808511734
,0.0,,,,25,2,2.5,1.0,0.25061464309692383
,0.0,,,,25,3,2.5,1.0,0.3017862141132355
,0.0,,,,25,4,2.5,1.0,0.09918435662984848
,0.0,,,,26,1,2.5999999046325684,1.0,0.2625753879547119
,0.0,,,,26,2,2.5999999046325684,1.0,0.25061798095703125
,0.0,,,,26,3,2.5999999046325684,1.0,0.3607329726219177
,0.0,,,,26,4,2.5999999046325684,1.0,0.1260736882686615
,0.0,,,,27,1,2.700000047683716,1.0,0.249130979180336
,0.0,,,,27,2,2.700000047683716,1.0,0.17251944541931152
,0.0,,,,27,3,2.700000047683716,1.0,0.3653201460838318
,0.0,,,,27,4,2.700000047683716,1.0,0.2130294144153595
,0.0,,,,28,1,2.799999952316284,1.0,0.3237360119819641
,0.0,,,,28,2,2.799999952316284,1.0,0.17373977601528168
,0.0,,,,28,3,2.799999952316284,1.0,0.38465267419815063
,0.0,,,,28,4,2.799999952316284,1.0,0.11787153035402298
,0.0,,,,29,1,2.9000000953674316,1.0,0.3098798394203186
,0.0,,,,29,2,2.9000000953674316,1.0,0.21355266869068146
,0.0,,,,29,3,2.9000000953674316,1.0,0.3563784658908844
,0.0,,,,29,4,2.9000000953674316,1.0,0.12018904089927673
,0.0,,,,30,1,3.0,1.0,0.31597742438316345
,0.0,,,,30,2,3.0,1.0,0.24187791347503662
,0.0,,,,30,3,3.0,1.0,0.24748922884464264
,0.0,,,,30,4,3.0,1.0,0.1946554332971573
,0.0,,,,31,1,3.0999999046325684,1.0,0.35328689217567444
,0.0,,,,31,2,3.0999999046325684,1.0,0.2459462732076645
,0.0,,,,31,3,3.0999999046325684,1.0,0.18735924363136292
,0.0,,,,31,4,3.0999999046325684,1.0,0.2134075164794922
,0.0,,,,32,1,3.200000047683716,1.0,0.37474098801612854
,0.0,,,,32,2,3.200000047683716,1.0,0.24523787200450897
,0.0,,,,32,3,3.200000047683716,1.0,0.17557744681835175
,0.0,,,,32,4,3.200000047683716,1.0,0.20444364845752716
,0.0,,,,33,1,3.299999952316284,1.0,0.3780011832714081
,0.0,,,,33,2,3.299999952316284,1.0,0.2511701285839081
,0.0,,,,33,3,3.299999952316284,1.0,0.14771178364753723
,0.0,,,,33,4,3.299999952316284,1.0,0.22311687469482422
,0.0,,,,34,1,3.4000000953674316,1.0,0.4116194248199463
,0.0,,,,34,2,3.4000000953674316,1.0,0.27556711435317993
,0.0,,,,34,3,3.4000000953674316,1.0,0.09534167498350143
,0.0,,,,34,4,3.4000000953674316,1.0,0.21747177839279175
,0.0,,,,35,1,3.5,1.0,0.4240349531173706
,0.0,,,,35,2,3.5,1.0,0.24298618733882904
,0.0,,,,35,3,3.5,1.0,0.10009004920721054
,0.0,,,,35,4,3.5,1.0,0.2328888475894928
,0.0,,,,36,1,3.5999999046325684,1.0,0.41216111183166504
,0.0,,,,36,2,3.5999999046325684,1.0,0.23953035473823547
,0.0,,,,36,3,3.5999999046325684,1.0,0.10321987420320511
,0.0,,,,36,4,3.5999999046325684,1.0,0.2450886219739914
,0.0,,,,37,1,3.700000047683716,1.0,0.42417454719543457
,0.0,,,,37,2,3.700000047683716,1.0,0.23339314758777618
,0.0,,,,37,3,3.700000047683716,1.0,0.0922899842262268
,0.0,,,,37,4,3.700000047683716,1.0,0.25014224648475647
,0.0,,,,38,1,3.799999952316284,1.0,0.4052606225013733
,0.0,,,,38,2,3.799999952316284,1.0,0.2707440257072449
,0.0,,,,38,3,3.799999952316284,1.0,0.06840991228818893
,0.0,,,,38,4,3.799999952316284,1.0,0.2555854022502899
,0.0,,,,39,1,3.9000000953674316,1.0,0.3873324990272522
,0.0,,,,39,2,3.9000000953674316,1.0,0.30103498697280884
,0.0,,,,39,3,3.9000000953674316,1.0,0.06979025900363922
,0.0,,,,39,4,3.9000000953674316,1.0,0.24184224009513855
,0.0,,,,40,1,4.0,1.0,0.373645156621933
,0.0,,,,40,2,4.0,1.0,0.3146701753139496
,0.0,,,,40,3,4.0,1.0,0.08935999125242233
,0.0,,,,40,4,4.0,1.0,0.2223246544599533
,0.0,,,,41,1,4.099999904632568,1.0,0.31312617659568787
,0.0,,,,41,2,4.099999904632568,1.0,0.34569787979125977
,0.0,,,,41,3,4.099999904632568,1.0,0.09103579074144363
,0.0,,,,41,4,4.099999904632568,1.0,0.2501402199268341
,0.0,,,,42,1,4.199999809265137,1.0,0.3510952889919281
,0.0,,,,42,2,4.199999809265137,1.0,0.2861749231815338
,0.0,,,,42,3,4.199999809265137,1.0,0.13687729835510254
,0.0,,,,42,4,4.199999809265137,1.0,0.22585251927375793
,0.0,,,,43,1,4.300000190734863,1.0,0.37012097239494324
,0.0,,,,43,2,4.300000190734863,1.0,0.2802877128124237
,0.0,,,,43,3,4.300000190734863,1.0,0.13011278212070465
,0.0,,,,43,4,4.300000190734863,1.0,0.2194785624742508
,0.0,,,,44,1,4.400000095367432,1.0,0.2968705892562866
,0.0,,,,44,2,4.400000095367432,1.0,0.3180743157863617
,0.0,,,,44,3,4.400000095367432,1.0,0.12383363395929337
,0.0,,,,44,4,4.400000095367432,1.0,0.26122143864631653
,0.0,,,,45,1,4.5,1.0,0.30423080921173096
,0.0,,,,45,2,4.5,1.0,0.3066531717777252
,0.0,,,,45,3,4.5,1.0,0.12810176610946655
,0.0,,,,45,4,4.5,1.0,0.26101425290107727
,0.0,,,,46,1,4.599999904632568,1.0,0.27800843119621277
,0.0,,,,46,2,4.599999904632568,1.0,0.28169894218444824
,0.0,,,,46,3,4.599999904632568,1.0,0.16737785935401917
,0.0,,,,46,4,4.599999904632568,1.0,0.2729148268699646
,0.0,,,,47,1,4.699999809265137,1.0,0.2701798677444458
,0.0,,,,47,2,4.699999809265137,1.0,0.29307952523231506
,0.0,,,,47,3,4.699999809265137,1.0,0.1399848461151123
,0.0,,,,47,4,4.699999809265137,1.0,0.29675576090812683
,0.0,,,,48,1,4.800000190734863,1.0,0.260053813457489
,0.0,,,,48,2,4.800000190734863,1.0,0.249892458319664
,0.0,,,,48,3,4.800000190734863,1.0,0.16643126308918
,0.0,,,,48,4,4.800000190734863,1.0,0.3236224353313446
,0.0,,,,49,1,4.900000095367432,1.0,0.2147771567106247
,0.0,,,,49,2,4.900000095367432,1.0,0.2696268558502197
,0.0,,,,49,3,4.900000095367432,1.0,0.17424894869327545
,0.0,,,,49,4,4.900000095367432,1.0,0.3413470983505249
,0.0,,,,50,1,5.0,1.0,0.22592222690582275
,0.0,,,,50,2,5.0,1.0,0.2613201439380646
,0.0,,,,50,3,5.0,1.0,0.2123950570821762
,0.0,,,,50,4,5.0,1.0,0.30036258697509766
,0.0,,,,51,1,5.099999904632568,1.0,0.1906343400478363
,0.0,,,,51,2,5.099999904632568,1.0,0.23900099098682404
,0.0,,,,51,3,5.099999904632568,1.0,0.2598857879638672
,0.0,,,,51,4,5.099999904632568,1.0,0.3104788661003113
,0.0,,,,52,1,5.199999809265137,1.0,0.20200231671333313
,0.0,,,,52,2,5.199999809265137,1.0,0.22358253598213196
,0.0,,,,52,3,5.199999809265137,1.0,0.28188323974609375
,0.0,,,,52,4,5.199999809265137,1.0,0.29253190755844116
,0.0,,,,53,1,5.300000190734863,1.0,0.16533571481704712
,0.0,,,,53,2,5.300000190734863,1.0,0.2343265563249588
,0.0,,,,53,3,5.300000190734863,1.0,0.3077269494533539
,0.0,,,,53,4,5.300000190734863,1.0,0.29261085391044617
,0.0,,,,54,1,5.400000095367432,1.0,0.1459823101758957
,0.0,,,,54,2,5.400000095367432,1.0,0.24291308224201202
,0.0,,,,54,3,5.400000095367432,1.0,0.32274988293647766
,0.0,,,,54,4,5.400000095367432,1.0,0.288354754447937
,0.0,,,,55,1,5.5,1.0,0.19187434017658234
,0.0,,,,55,2,5.5,1.0,0.1884055733680725
,0.0,,,,55,3,5.5,1.0,0.3122624456882477
,0.0,,,,55,4,5.5,1.0,0.3074576258659363
,0.0,,,,56,1,5.599999904632568,1.0,0.20167528092861176
,0.0,,,,56,2,5.599999904632568,1.0,0.19712752103805542
,0.0,,,,56,3,5.599999904632568,1.0,0.29127782583236694
,0.0,,,,56,4,5.599999904632568,1.0,0.3099193572998047
,0.0,,,,57,1,5.699999809265137,1.0,0.21634851396083832
,0.0,,,,57,2,5.699999809265137,1.0,0.14351433515548706
,0.0,,,,57,3,5.699999809265137,1.0,0.35449546575546265
,0.0,,,,57,4,5.699999809265137,1.0,0.285641610622406
,0.0,,,,58,1,5.800000190734863,1.0,0.25760456919670105
,0.0,,,,58,2,5.800000190734863,1.0,0.1133049950003624
,0.0,,,,58,3,5.800000190734863,1.0,0.3695515990257263
,0.0,,,,58,4,5.800000190734863,1.0,0.259538859128952
,0.0,,,,59,1,5.900000095367432,1.0,0.2616710662841797
,0.0,,,,59,2,5.900000095367432,1.0,0.14980117976665497
,0.0,,,,59,3,5.900000095367432,1.0,0.3365650773048401
,0.0,,,,59,4,5.900000095367432,1.0,0.2519626319408417
,0.0,,,,60,1,6.0,1.0,0.2621704041957855
,0.0,,,,60,2,6.0,1.0,0.18818490207195282
,0.0,,,,60,3,6.0,1.0,0.29295235872268677
,0.0,,,,60,4,6.0,1.0,0.25669237971305847
,0.0,,,,61,1,6.099999904632568,1.0,0.2627106010913849
,0.0,,,,61,2,6.099999904632568,1.0,0.18223097920417786
,0.0,,,,61,3,6.099999904632568,1.0,0.2790944576263428
,0.0,,,,61,4,6.099999904632568,1.0,0.2759639322757721
,0.0,,,,62,1,6.199999809265137,1.0,0.26417359709739685
,0.0,,,,62,2,6.199999809265137,1.0,0.19849607348442078
,0.0,,,,62,3,6.199999809265137,1.0,0.25580665469169617
,0.0,,,,62,4,6.199999809265137,1.0,0.2815236747264862
,0.0,,,,63,1,6.300000190734863,1.0,0.2648395001888275
,0.0,,,,63,2,6.300000190734863,1.0,0.20657454431056976
,0.0,,,,63,3,6.300000190734863,1.0,0.23380209505558014
,0.0,,,,63,4,6.300000190734863,1.0,0.29478392004966736
,0.0,,,,64,1,6.400000095367432,1.0,0.2607192099094391
,0.0,,,,64,2,6.400000095367432,1.0,0.19200044870376587
,0.0,,,,64,3,6.400000095367432,1.0,0.2560923099517822
,0.0,,,,64,4,6.400000095367432,1.0,0.2911880314350128
,0.0,,,,65,1,6.5,1.0,0.27711790800094604
,0.0,,,,65,2,6.5,1.0,0.19837994873523712
,0.0,,,,65,3,6.5,1.0,0.2212168127298355
,0.0,,,,65,4,6.5,1.0,0.3032853305339813
,0.0,,,,66,1,6.599999904632568,1.0,0.2731427550315857
,0.0,,,,66,2,6.599999904632568,1.0,0.21970295906066895
,0.0,,,,66,3,6.599999904632568,1.0,0.2140432894229889
,0.0,,,,66,4,6.599999904632568,1.0,0.2931109666824341
,0.0,,,,67,1,6.699999809265137,1.0,0.29012078046798706
,0.0,,,,67,2,6.699999809265137,1.0,0.2135482281446457
,0.0,,,,67,3,6.699999809265137,1.0,0.19525958597660065
,0.0,,,,67,4,6.699999809265137,1.0,0.301071435213089
,0.0,,,,68,1,6.800000190734863,1.0,0.2877303957939148
,0.0,,,,68,2,6.800000190734863,1.0,0.2153739333152771
,0.0,,,,68,3,6.800000190734863,1.0,0.20873524248600006
,0.0,,,,68,4,6.800000190734863,1.0,0.28816041350364685
,0.0,,,,69,1,6.900000095367432,1.0,0.28016987442970276
,0.0,,,,69,2,6.900000095367432,1.0,0.2117868810892105
,0.0,,,,69,3,6.900000095367432,1.0,0.1930903047323227
,0.0,,,,69,4,6.900000095367432,1.0,0.3149529993534088
,0.0,,,,70,1,7.0,1.0,0.26605215668678284
,0.0,,,,70,2,7.0,1.0,0.26391226053237915
,0.0,,,,70,3,7.0,1.0,0.1769401729106903
,0.0,,,,70,4,7.0,1.0,0.29309535026550293
,0.0,,,,71,1,7.099999904632568,1.0,0.2760095000267029
,0.0,,,,71,2,7.099999904632568,1.0,0.2527395784854889
,0.0,,,,71,3,7.099999904632568,1.0,0.1688622385263443
,0.0,,,,71,4,7.099999904632568,1.0,0.3023887276649475
,0.0,,,,72,1,7.199999809265137,1.0,0.272938996553421
,0.0,,,,72,2,7.199999809265137,1.0,0.29503414034843445
,0.0,,,,72,3,7.199999809265137,1.0,0.1865273416042328
,0.0,,,,72,4,7.199999809265137,1.0,0.24549955129623413
,0.0,,,,73,1,7.300000190734863,1.0,0.2812351584434509
,0.0,,,,73,2,7.300000190734863,1.0,0.2819564938545227
,0.0,,,,73,3,7.300000190734863,1.0,0.18514980375766754
,0.0,,,,73,4,7.300000190734863,1.0,0.25165846943855286
,0.0,,,,74,1,7.400000095367432,1.0,0.29206860065460205
,0.0,,,,74,2,7.400000095367432,1.0,0.2879614531993866
,0.0,,,,74,3,7.400000095367432,1.0,0.22020523250102997
,0.0,,,,74,4,7.400000095367432,1.0,0.19976471364498138
,0.0,,,,75,1,7.5,1.0,0.27362382411956787
,0.0,,,,75,2,7.5,1.0,0.27903759479522705
,0.0,,,,75,3,7.5,1.0,0.1758042871952057
,0.0,,,,75,4,7.5,1.0,0.2715343236923218
,0.0,,,,76,1,7.599999904632568,1.0,0.28241804242134094
,0.0,,,,76,2,7.599999904632568,1.0,0.2765132486820221
,0.0,,,,76,3,7.599999904632568,1.0,0.1878509223461151
,0.0,,,,76,4,7.599999904632568,1.0,0.25321778655052185
,0.0,,,,77,1,7.699999809265137,1.0,0.27476561069488525
,0.0,,,,77,2,7.699999809265137,1.0,0.284176230430603
,0.0,,,,77,3,7.699999809265137,1.0,0.18080024421215057
,0.0,,,,77,4,7.699999809265137,1.0,0.2602579891681671
,0.0,,,,78,1,7.800000190734863,1.0,0.26934731006622314
,0.0,,,,78,2,7.800000190734863,1.0,0.285444051027298
,0.0,,,,78,3,7.800000190734863,1.0,0.18989013135433197
,0.0,,,,78,4,7.800000190734863,1.0,0.2553185224533081
,0.0,,,,79,1,7.900000095367432,1.0,0.29334211349487305
,0.0,,,,79,2,7.900000095367432,1.0,0.2773749828338623
,0.0,,,,79,3,7.900000095367432,1.0,0.23169182240962982
,0.0,,,,79,4,7.900000095367432,1.0,0.1975911259651184
,0.0,,,,80,1,8.0,1.0,0.2821640968322754
,0.0,,,,80,2,8.0,1.0,0.2478092759847641
,0.0,,,,80,3,8.0,1.0,0.21720395982265472
,0.0,,,,80,4,8.0,1.0,0.2528226971626282
,0.0,,,,81,1,8.100000381469727,1.0,0.26223182678222656
,0.0,,,,81,2,8.100000381469727,1.0,0.24563835561275482
,0.0,,,,81,3,8.100000381469727,1.0,0.2108680158853531
,0.0,,,,81,4,8.100000381469727,1.0,0.2812618017196655
,0.0,,,,82,1,8.199999809265137,1.0,0.27599063515663147
,0.0,,,,82,2,8.199999809265137,1.0,0.25663602352142334
,0.0,,,,82,3,8.199999809265137,1.0,0.2154465764760971
,0.0,,,,82,4,8.199999809265137,1.0,0.2519267797470093
,0.0,,,,83,1,8.300000190734863,1.0,0.28464215993881226
,0.0,,,,83,2,8.300000190734863,1.0,0.2653551399707794
,0.0,,,,83,3,8.300000190734863,1.0,0.22192449867725372
,0.0,,,,83,4,8.300000190734863,1.0,0.2280782014131546
,0.0,,,,84,1,8.399999618530273,1.0,0.2844134271144867
,0.0,,,,84,2,8.399999618530273,1.0,0.26177316904067993
,0.0,,,,84,3,8.399999618530273,1.0,0.22945944964885712
,0.0,,,,84,4,8.399999618530273,1.0,0.22435402870178223
,0.0,,,,85,1,8.5,1.0,0.2783384621143341
,0.0,,,,85,2,8.5,1.0,0.2815700173377991
,0.0,,,,85,3,8.5,1.0,0.2408166378736496
,0.0,,,,85,4,8.5,1.0,0.1992749720811844
,0.0,,,,86,1,8.600000381469727,1.0,0.3245992064476013
,0.0,,,,86,2,8.600000381469727,1.0,0.319044828414917
,0.0,,,,86,3,8.600000381469727,1.0,0.2558111846446991
,0.0,,,,86,4,8.600000381469727,1.0,0.10054482519626617
,0.0,,,,87,1,8.699999809265137,1.0,0.3321051597595215
,0.0,,,,87,2,8.699999809265137,1.0,0.32834309339523315
,0.0,,,,87,3,8.699999809265137,1.0,0.24379964172840118
,0.0,,,,87,4,8.699999809265137,1.0,0.09575214236974716
,0.0,,,,88,1,8.800000190734863,1.0,0.3337608873844147
,0.0,,,,88,2,8.800000190734863,1.0,0.3321009576320648
,0.0,,,,88,3,8.800000190734863,1.0,0.22930191457271576
,0.0,,,,88,4,8.800000190734863,1.0,0.10483619570732117
,0.0,,,,89,1,8.899999618530273,1.0,0.3528740108013153
,0.0,,,,89,2,8.899999618530273,1.0,0.38808515667915344
,0.0,,,,89,3,8.899999618530273,1.0,0.2202613353729248
,0.0,,,,89,4,8.899999618530273,1.0,0.03877956420183182
,0.0,,,,90,1,9.0,1.0,0.3514587879180908
,0.0,,,,90,2,9.0,1.0,0.37073826789855957
,0.0,,,,90,3,9.0,1.0,0.22012238204479218
,0.0,,,,90,4,9.0,1.0,0.057680532336235046
,0.0,,,,91,1,9.100000381469727,1.0,0.34074699878692627
,0.0,,,,91,2,9.100000381469727,1.0,0.3466844856739044
,0.0,,,,91,3,9.100000381469727,1.0,0.25021427869796753
,0.0,,,,91,4,9.100000381469727,1.0,0.06235433369874954
,0.0,,,,92,1,9.199999809265137,1.0,0.320742130279541
,0.0,,,,92,2,9.199999809265137,1.0,0.3120376765727997
,0.0,,,,92,3,9.199999809265137,1.0,0.24683977663516998
,0.0,,,,92,4,9.199999809265137,1.0,0.12038043886423111
,0.0,,,,93,1,9.300000190734863,1.0,0.32768234610557556
,0.0,,,,93,2,9.300000190734863,1.0,0.3197437822818756
,0.0,,,,93,3,9.300000190734863,1.0,0.23802027106285095
,0.0,,,,93,4,9.300000190734863,1.0,0.1145535260438919
,0.0,,,,94,1,9.399999618530273,1.0,0.3331772983074188
,0.0,,,,94,2,9.399999618530273,1.0,0.336638867855072
,0.0,,,,94,3,9.399999618530273,1.0,0.2385261058807373
,0.0,,,,94,4,9.399999618530273,1.0,0.09165775775909424
,0.0,,,,95,1,9.5,1.0,0.3369119465351105
,0.0,,,,95,2,9.5,1.0,0.34431329369544983
,0.0,,,,95,3,9.5,1.0,0.23882842063903809
,0.0,,,,95,4,9.5,1.0,0.07994639873504639
,0.0,,,,96,1,9.600000381469727,1.0,0.32882076501846313
,0.0,,,,96,2,9.600000381469727,1.0,0.33563122153282166
,0.0,,,,96,3,9.600000381469727,1.0,0.22853991389274597
,0.0,,,,96,4,9.600000381469727,1.0,0.10700810700654984
,0.0,,,,97,1,9.699999809265137,1.0,0.32772237062454224
,0.0,,,,97,2,9.699999809265137,1.0,0.3508096933364868
,0.0,,,,97,3,9.699999809265137,1.0,0.24437876045703888
,0.0,,,,97,4,9.699999809265137,1.0,0.07708912342786789
,0.0,,,,98,1,9.800000190734863,1.0,0.33956244587898254
,0.0,,,,98,2,9.800000190734863,1.0,0.36030250787734985
,0.0,,,,98,3,9.800000190734863,1.0,0.23200620710849762
,0.0,,,,98,4,9.800000190734863,1.0,0.06812876462936401
,0.0,,,,99,1,9.899999618530273,1.0,0.33279940485954285
,0.0,,,,99,2,9.899999618530273,1.0,0.3378249406814575
,0.0,,,,99,3,9.899999618530273,1.0,0.22845302522182465
,0.0,,,,99,4,9.899999618530273,1.0,0.1009226143360138
,0.0,,,,100,1,10.0,1.0,0.3460288643836975
,0.0,,,,100,2,10.0,1.0,0.34837448596954346
,0.0,,,,100,3,10.0,1.0,0.22644442319869995
,0.0,,,,100,4,10.0,1.0,0.07915223389863968
,0.0,,,,101,1,10.100000381469727,1.0,0.346386581659317
,0.0,,,,101,2,10.100000381469727,1.0,0.34015366435050964
,0.0,,,,101,3,10.100000381469727,1.0,0.2468520849943161
,0.0,,,,101,4,10.100000381469727,1.0,0.06660771369934082
,0.0,,,,102,1,10.199999809265137,1.0,0.32624736428260803
,0.0,,,,102,2,10.199999809265137,1.0,0.32613474130630493
,0.0,,,,102,3,10.199999809265137,1.0,0.24976351857185364
,0.0,,,,102,4,10.199999809265137,1.0,0.09785433113574982
,0.0,,,,103,1,10.300000190734863,1.0,0.2946622967720032
,0.0,,,,103,2,10.300000190734863,1.0,0.2950424551963806
,0.0,,,,103,3,10.300000190734863,1.0,0.2449769824743271
,0.0,,,,103,4,10.300000190734863,1.0,0.1653182953596115
,0.0,,,,104,1,10.399999618530273,1.0,0.29198339581489563
,0.0,,,,104,2,10.399999618530273,1.0,0.2923561930656433
,0.0,,,,104,3,10.399999618530273,1.0,0.26890048384666443
,0.0,,,,104,4,10.399999618530273,1.0,0.14675994217395782
,0.0,,,,105,1,10.5,1.0,0.20558202266693115
,0.0,,,,105,2,10.5,1.0,0.23974353075027466
,0.0,,,,105,3,10.5,1.0,0.24999664723873138
,0.0,,,,105,4,10.5,1.0,0.3046777844429016
,0.0,,,,106,1,10.600000381469727,1.0,0.1975930780172348
,0.0,,,,106,2,10.600000381469727,1.0,0.21974843740463257
,0.0,,,,106,3,10.600000381469727,1.0,0.24454931914806366
,0.0,,,,106,4,10.600000381469727,1.0,0.3381091356277466
,0.0,,,,107,1,10.699999809265137,1.0,0.20356787741184235
,0.0,,,,107,2,10.699999809265137,1.0,0.19319868087768555
,0.0,,,,107,3,10.699999809265137,1.0,0.2453399896621704
,0.0,,,,107,4,10.699999809265137,1.0,0.3578934073448181
,0.0,,,,108,1,10.800000190734863,1.0,0.21811331808567047
,0.0,,,,108,2,10.800000190734863,1.0,0.19068355858325958
,0.0,,,,108,3,10.800000190734863,1.0,0.23316650092601776
,0.0,,,,108,4,10.800000190734863,1.0,0.35803666710853577
,0.0,,,,109,1,10.899999618530273,1.0,0.1838487833738327
,0.0,,,,109,2,10.899999618530273,1.0,0.20760127902030945
,0.0,,,,109,3,10.899999618530273,1.0,0.2310691475868225
,0.0,,,,109,4,10.899999618530273,1.0,0.37748080492019653
,0.0,,,,110,1,11.0,1.0,0.221003919839859
,0.0,,,,110,2,11.0,1.0,0.16024203598499298
,0.0,,,,110,3,11.0,1.0,0.2466389387845993
,0.0,,,,110,4,11.0,1.0,0.3721151053905487
,0.0,,,,111,1,11.100000381469727,1.0,0.18499143421649933
,0.0,,,,111,2,11.100000381469727,1.0,0.19579355418682098
,0.0,,,,111,3,11.100000381469727,1.0,0.24856026470661163
,0.0,,,,111,4,11.100000381469727,1.0,0.37065476179122925
,0.0,,,,112,1,11.199999809265137,1.0,0.19607983529567719
,0.0,,,,112,2,11.199999809265137,1.0,0.20948289334774017
,0.0,,,,112,3,11.199999809265137,1.0,0.2512332797050476
,0.0,,,,112,4,11.199999809265137,1.0,0.34320396184921265
,0.0,,,,113,1,11.300000190734863,1.0,0.22562922537326813
,0.0,,,,113,2,11.300000190734863,1.0,0.17853915691375732
,0.0,,,,113,3,11.300000190734863,1.0,0.24339818954467773
,0.0,,,,113,4,11.300000190734863,1.0,0.3524334132671356
,0.0,,,,114,1,11.399999618530273,1.0,0.2072015106678009
,0.0,,,,114,2,11.399999618530273,1.0,0.15177297592163086
,0.0,,,,114,3,11.399999618530273,1.0,0.23924104869365692
,0.0,,,,114,4,11.399999618530273,1.0,0.40178442001342773
,0.0,,,,115,1,11.5,1.0,0.2901287376880646
,0.0,,,,115,2,11.5,1.0,0.13000328838825226
,0.0,,,,115,3,11.5,1.0,0.25094854831695557
,0.0,,,,115,4,11.5,1.0,0.3289194703102112
,0.0,,,,116,1,11.600000381469727,1.0,0.2868945598602295
,0.0,,,,116,2,11.600000381469727,1.0,0.11741700768470764
,0.0,,,,116,3,11.600000381469727,1.0,0.26799824833869934
,0.0,,,,116,4,11.600000381469727,1.0,0.32769012451171875
,0.0,,,,117,1,11.699999809265137,1.0,0.28148043155670166
,0.0,,,,117,2,11.699999809265137,1.0,0.10428979247808456
,0.0,,,,117,3,11.699999809265137,1.0,0.27068158984184265
,0.0,,,,117,4,11.699999809265137,1.0,0.3435482084751129
,0.0,,,,118,1,11.800000190734863,1.0,0.28619837760925293
,0.0,,,,118,2,11.800000190734863,1.0,0.1175420880317688
,0.0,,,,118,3,11.800000190734863,1.0,0.25925400853157043
,0.0,,,,118,4,11.800000190734863,1.0,0.33700549602508545
,0.0,,,,119,1,11.899999618530273,1.0,0.30077359080314636
,0.0,,,,119,2,11.899999618530273,1.0,0.12735457718372345
,0.0,,,,119,3,11.899999618530273,1.0,0.2592909634113312
,0.0,,,,119,4,11.899999618530273,1.0,0.3125809133052826
,0.0,,,,120,1,12.0,1.0,0.3008791208267212
,0.0,,,,120,2,12.0,1.0,0.10979904979467392
,0.0,,,,120,3,12.0,1.0,0.2488710731267929
,0.0,,,,120,4,12.0,1.0,0.3404507339000702
,0.0,,,,121,1,12.100000381469727,1.0,0.2886521518230438
,0.0,,,,121,2,12.100000381469727,1.0,0.06823371350765228
,0.0,,,,121,3,12.100000381469727,1.0,0.2577599883079529
,0.0,,,,121,4,12.100000381469727,1.0,0.3853541612625122
,0.0,,,,122,1,12.199999809265137,1.0,0.27255454659461975
,0.0,,,,122,2,12.199999809265137,1.0,0.03777927905321121
,0.0,,,,122,3,12.199999809265137,1.0,0.2785373330116272
,0.0,,,,122,4,12.199999809265137,1.0,0.4111288785934448
,0.0,,,,123,1,12.300000190734863,1.0,0.28670600056648254
,0.0,,,,123,2,12.300000190734863,1.0,0.045566048473119736
,0.0,,,,123,3,12.300000190734863,1.0,0.27726346254348755
,0.0,,,,123,4,12.300000190734863,1.0,0.39046454429626465
,0.0,,,,124,1,12.399999618530273,1.0,0.294809490442276
,0.0,,,,124,2,12.399999618530273,1.0,0.06246067211031914
,0.0,,,,124,3,12.399999618530273,1.0,0.2564145028591156
,0.0,,,,124,4,12.399999618530273,1.0,0.38631534576416016
,0.0,,,,125,1,12.5,1.0,0.33059224486351013
,0.0,,,,125,2,12.5,1.0,0.027460312470793724
,0.0,,,,125,3,12.5,1.0,0.28372353315353394
,0.0,,,,125,4,12.5,1.0,0.35822397470474243
,0.0,,,,126,1,12.600000381469727,1.0,0.3027256429195404
,0.0,,,,126,2,12.600000381469727,1.0,0.02539740689098835
,0.0,,,,126,3,12.600000381469727,1.0,0.2818163335323334
,0.0,,,,126,4,12.600000381469727,1.0,0.3900606036186218
,0.0,,,,127,1,12.699999809265137,1.0,0.30883660912513733
,0.0,,,,127,2,12.699999809265137,1.0,0.018848497420549393
,0.0,,,,127,3,12.699999809265137,1.0,0.3027973175048828
,0.0,,,,127,4,12.699999809265137,1.0,0.36951762437820435
,0.0,,,,128,1,12.800000190734863,1.0,0.27679699659347534
,0.0,,,,128,2,12.800000190734863,1.0,0.015398602001369
,0.0,,,,128,3,12.800000190734863,1.0,0.30282720923423767
,0.0,,,,128,4,12.800000190734863,1.0,0.4049772620201111
,0.0,,,,129,1,12.899999618530273,1.0,0.31511974334716797
,0.0,,,,129,2,12.899999618530273,1.0,0.012847758829593658
,0.0,,,,129,3,12.899999618530273,1.0,0.27816858887672424
,0.0,,,,129,4,12.899999618530273,1.0,0.3938639760017395
,0.0,,,,130,1,13.0,1.0,0.3623884320259094
,0.0,,,,130,2,13.0,1.0,0.009516346268355846
,0.0,,,,130,3,13.0,1.0,0.24069929122924805
,0.0,,,,130,4,13.0,1.0,0.3873958885669708
,0.0,,,,131,1,13.100000381469727,1.0,0.39071211218833923
,0.0,,,,131,2,13.100000381469727,1.0,0.01286697294563055
,0.0,,,,131,3,13.100000381469727,1.0,0.21602126955986023
,0.0,,,,131,4,13.100000381469727,1.0,0.3803996443748474
,0.0,,,,132,1,13.199999809265137,1.0,0.3499886989593506
,0.0,,,,132,2,13.199999809265137,1.0,0.003633920568972826
,0.0,,,,132,3,13.199999809265137,1.0,0.30663222074508667
,0.0,,,,132,4,13.199999809265137,1.0,0.3397451639175415
,0.0,,,,133,1,13.300000190734863,1.0,0.4359622597694397
,0.0,,,,133,2,13.300000190734863,1.0,0.015869082883000374
,0.0,,,,133,3,13.300000190734863,1.0,0.18014444410800934
,0.0,,,,133,4,13.300000190734863,1.0,0.36802423000335693
,0.0,,,,134,1,13.399999618530273,1.0,0.4583248198032379
,0.0,,,,134,2,13.399999618530273,1.0,0.041565220803022385
,0.0,,,,134,3,13.399999618530273,1.0,0.11749087274074554
,0.0,,,,134,4,13.399999618530273,1.0,0.38261908292770386
,0.0,,,,135,1,13.5,1.0,0.4343142509460449
,0.0,,,,135,2,13.5,1.0,0.026326404884457588
,0.0,,,,135,3,13.5,1.0,0.14981526136398315
,0.0,,,,135,4,13.5,1.0,0.3895440697669983
,0.0,,,,136,1,13.600000381469727,1.0,0.4757438600063324
,0.0,,,,136,2,13.600000381469727,1.0,0.034729354083538055
,0.0,,,,136,3,13.600000381469727,1.0,0.13072867691516876
,0.0,,,,136,4,13.600000381469727,1.0,0.358798086643219
,0.0,,,,137,1,13.699999809265137,1.0,0.4362208843231201
,0.0,,,,137,2,13.699999809265137,1.0,0.020844442769885063
,0.0,,,,137,3,13.699999809265137,1.0,0.16444216668605804
,0.0,,,,137,4,13.699999809265137,1.0,0.37849247455596924
,0.0,,,,138,1,13.800000190734863,1.0,0.380683958530426
,0.0,,,,138,2,13.800000190734863,1.0,0.016037896275520325
,0.0,,,,138,3,13.800000190734863,1.0,0.16495639085769653
,0.0,,,,138,4,13.800000190734863,1.0,0.43832170963287354
,0.0,,,,139,1,13.899999618530273,1.0,0.29046857357025146
,0.0,,,,139,2,13.899999618530273,1.0,0.007756183389574289
,0.0,,,,139,3,13.899999618530273,1.0,0.1871982216835022
,0.0,,,,139,4,13.899999618530273,1.0,0.5145769715309143
,0.0,,,,140,1,14.0,1.0,0.19297058880329132
,0.0,,,,140,2,14.0,1.0,0.00649063428863883
,0.0,,,,140,3,14.0,1.0,0.2605355381965637
,0.0,,,,140,4,14.0,1.0,0.5400032997131348
,0.0,,,,141,1,14.100000381469727,1.0,0.12093628197908401
,0.0,,,,141,2,14.100000381469727,1.0,0.006060906685888767
,0.0,,,,141,3,14.100000381469727,1.0,0.17456261813640594
,0.0,,,,141,4,14.100000381469727,1.0,0.6984402537345886
,0.0,,,,142,1,14.199999809265137,1.0,0.12585969269275665
,0.0,,,,142,2,14.199999809265137,1.0,0.004111424554139376
,0.0,,,,142,3,14.199999809265137,1.0,0.2714473605155945
,0.0,,,,142,4,14.199999809265137,1.0,0.5985814332962036
,0.0,,,,143,1,14.300000190734863,1.0,0.14348727464675903
,0.0,,,,143,2,14.300000190734863,1.0,0.03459626063704491
,0.0,,,,143,3,14.300000190734863,1.0,0.1426212191581726
,0.0,,,,143,4,14.300000190734863,1.0,0.6792952418327332
,0.0,,,,144,1,14.399999618530273,1.0,0.13280734419822693
,0.0,,,,144,2,14.399999618530273,1.0,0.010465001687407494
,0.0,,,,144,3,14.399999618530273,1.0,0.16076864302158356
,0.0,,,,144,4,14.399999618530273,1.0,0.6959589719772339
,0.0,,,,145,1,14.5,1.0,0.11641019582748413
,0.0,,,,145,2,14.5,1.0,0.0029567233286798
,0.0,,,,145,3,14.5,1.0,0.24346522986888885
,0.0,,,,145,4,14.5,1.0,0.6371678709983826
,0.0,,,,146,1,14.600000381469727,1.0,0.09656475484371185
,0.0,,,,146,2,14.600000381469727,1.0,0.0038447873666882515
,0.0,,,,146,3,14.600000381469727,1.0,0.2673336863517761
,0.0,,,,146,4,14.600000381469727,1.0,0.6322567462921143
,0.0,,,,147,1,14.699999809265137,1.0,0.14485608041286469
,0.0,,,,147,2,14.699999809265137,1.0,0.005961342714726925
,0.0,,,,147,3,14.699999809265137,1.0,0.1953449845314026
,0.0,,,,147,4,14.699999809265137,1.0,0.6538375616073608
,0.0,,,,148,1,14.800000190734863,1.0,0.10967156291007996
,0.0,,,,148,2,14.800000190734863,1.0,0.011456137523055077
,0.0,,,,148,3,14.800000190734863,1.0,0.19892846047878265
,0.0,,,,148,4,14.800000190734863,1.0,0.679943859577179
,0.0,,,,149,1,14.899999618530273,1.0,0.12029019743204117
,0.0,,,,149,2,14.899999618530273,1.0,0.07279760390520096
,0.0,,,,149,3,14.899999618530273,1.0,0.05526838079094887
,0.0,,,,149,4,14.899999618530273,1.0,0.7516438364982605
,0.0,,,,150,1,15.0,1.0,0.04190211370587349
,0.0,,,,150,2,15.0,1.0,0.13856811821460724
,0.0,,,,150,3,15.0,1.0,0.04113180190324783
,0.0,,,,150,4,15.0,1.0,0.7783979773521423
,0.0,,,,151,1,15.100000381469727,1.0,0.08977396786212921
,0.0,,,,151,2,15.100000381469727,1.0,0.06464597582817078
,0.0,,,,151,3,15.100000381469727,1.0,0.05149054527282715
,0.0,,,,151,4,15.100000381469727,1.0,0.7940894961357117
,0.0,,,,152,1,15.199999809265137,1.0,0.10127287358045578
,0.0,,,,152,2,15.199999809265137,1.0,0.13089895248413086
,0.0,,,,152,3,15.199999809265137,1.0,0.04700867086648941
,0.0,,,,152,4,15.199999809265137,1.0,0.7208195328712463
,0.0,,,,153,1,15.300000190734863,1.0,0.06873639672994614
,0.0,,,,153,2,15.300000190734863,1.0,0.2365502566099167
,0.0,,,,153,3,15.300000190734863,1.0,0.08718778938055038
,0.0,,,,153,4,15.300000190734863,1.0,0.6075255274772644
,0.0,,,,154,1,15.399999618530273,1.0,0.06385055184364319
,0.0,,,,154,2,15.399999618530273,1.0,0.20717155933380127
,0.0,,,,154,3,15.399999618530273,1.0,0.12417823076248169
,0.0,,,,154,4,15.399999618530273,1.0,0.6047996878623962
,0.0,,,,155,1,15.5,1.0,0.18531294167041779
,0.0,,,,155,2,15.5,1.0,0.11504938453435898
,0.0,,,,155,3,15.5,1.0,0.11615271121263504
,0.0,,,,155,4,15.5,1.0,0.583484947681427
,0.0,,,,156,1,15.600000381469727,1.0,0.2506848871707916
,0.0,,,,156,2,15.600000381469727,1.0,0.06645452976226807
,0.0,,,,156,3,15.600000381469727,1.0,0.1317121833562851
,0.0,,,,156,4,15.600000381469727,1.0,0.5511484146118164
,0.0,,,,157,1,15.699999809265137,1.0,0.21854276955127716
,0.0,,,,157,2,15.699999809265137,1.0,0.07478553801774979
,0.0,,,,157,3,15.699999809265137,1.0,0.14459514617919922
,0.0,,,,157,4,15.699999809265137,1.0,0.5620765686035156
,0.0,,,,158,1,15.800000190734863,1.0,0.20087935030460358
,0.0,,,,158,2,15.800000190734863,1.0,0.03610054776072502
,0.0,,,,158,3,15.800000190734863,1.0,0.20362751185894012
,0.0,,,,158,4,15.800000190734863,1.0,0.5593925714492798
,0.0,,,,159,1,15.899999618530273,1.0,0.13336679339408875
,0.0,,,,159,2,15.899999618530273,1.0,0.020583482459187508
,0.0,,,,159,3,15.899999618530273,1.0,0.26968902349472046
,0.0,,,,159,4,15.899999618530273,1.0,0.5763607621192932
,0.0,,,,160,1,16.0,1.0,0.4050832688808441
,0.0,,,,160,2,16.0,1.0,0.013391079381108284
,0.0,,,,160,3,16.0,1.0,0.2461184859275818
,0.0,,,,160,4,16.0,1.0,0.33540716767311096
,0.0,,,,161,1,16.100000381469727,1.0,0.3613617718219757
,0.0,,,,161,2,16.100000381469727,1.0,0.02186949923634529
,0.0,,,,161,3,16.100000381469727,1.0,0.24530182778835297
,0.0,,,,161,4,16.100000381469727,1.0,0.3714669346809387
,0.0,,,,162,1,16.200000762939453,1.0,0.1752633899450302
,0.0,,,,162,2,16.200000762939453,1.0,0.050117164850234985
,0.0,,,,162,3,16.200000762939453,1.0,0.2629580497741699
,0.0,,,,162,4,16.200000762939453,1.0,0.5116613507270813
,0.0,,,,163,1,16.299999237060547,1.0,0.2410387545824051
,0.0,,,,163,2,16.299999237060547,1.0,0.13345490396022797
,0.0,,,,163,3,16.299999237060547,1.0,0.20234259963035583
,0.0,,,,163,4,16.299999237060547,1.0,0.4231637120246887
,0.0,,,,164,1,16.399999618530273,1.0,0.1619522124528885
,0.0,,,,164,2,16.399999618530273,1.0,0.1305728256702423
,0.0,,,,164,3,16.399999618530273,1.0,0.3503519594669342
,0.0,,,,164,4,16.399999618530273,1.0,0.3571230471134186
,0.0,,,,165,1,16.5,1.0,0.08342605084180832
,0.0,,,,165,2,16.5,1.0,0.10799263417720795
,0.0,,,,165,3,16.5,1.0,0.30321502685546875
,0.0,,,,165,4,16.5,1.0,0.505366325378418
,0.0,,,,166,1,16.600000381469727,1.0,0.13362941145896912
,0.0,,,,166,2,16.600000381469727,1.0,0.209751158952713
,0.0,,,,166,3,16.600000381469727,1.0,0.30424922704696655
,0.0,,,,166,4,16.600000381469727,1.0,0.3523702621459961
,0.0,,,,167,1,16.700000762939453,1.0,0.1161116287112236
,0.0,,,,167,2,16.700000762939453,1.0,0.34157320857048035
,0.0,,,,167,3,16.700000762939453,1.0,0.3882479965686798
,0.0,,,,167,4,16.700000762939453,1.0,0.15406721830368042
,0.0,,,,168,1,16.799999237060547,1.0,0.10779739171266556
,0.0,,,,168,2,16.799999237060547,1.0,0.3693752884864807
,0.0,,,,168,3,16.799999237060547,1.0,0.43731409311294556
,0.0,,,,168,4,16.799999237060547,1.0,0.08551320433616638
,0.0,,,,169,1,16.899999618530273,1.0,0.15134984254837036
,0.0,,,,169,2,16.899999618530273,1.0,0.6264380812644958
,0.0,,,,169,3,16.899999618530273,1.0,0.17018277943134308
,0.0,,,,169,4,16.899999618530273,1.0,0.052029289305210114
,0.0,,,,170,1,17.0,1.0,0.0725228562951088
,0.0,,,,170,2,17.0,1.0,0.747294545173645
,0.0,,,,170,3,17.0,1.0,0.1060778871178627
,0.0,,,,170,4,17.0,1.0,0.07410460710525513
,0.0,,,,171,1,17.100000381469727,1.0,0.23793090879917145
,0.0,,,,171,2,17.100000381469727,1.0,0.5903826951980591
,0.0,,,,171,3,17.100000381469727,1.0,0.12539035081863403
,0.0,,,,171,4,17.100000381469727,1.0,0.046296000480651855
,0.0,,,,172,1,17.200000762939453,1.0,0.14313490688800812
,0.0,,,,172,2,17.200000762939453,1.0,0.5735085606575012
,0.0,,,,172,3,17.200000762939453,1.0,0.09002301841974258
,0.0,,,,172,4,17.200000762939453,1.0,0.1933334320783615
,0.0,,,,173,1,17.299999237060547,1.0,0.11679133027791977
,0.0,,,,173,2,17.299999237060547,1.0,0.5242816805839539
,0.0,,,,173,3,17.299999237060547,1.0,0.041902970522642136
,0.0,,,,173,4,17.299999237060547,1.0,0.31702396273612976
,0.0,,,,174,1,17.399999618530273,1.0,0.017856281250715256
,0.0,,,,174,2,17.399999618530273,1.0,0.5697731971740723
,0.0,,,,174,3,17.399999618530273,1.0,0.09334135055541992
,0.0,,,,174,4,17.399999618530273,1.0,0.3190291225910187
,0.0,,,,175,1,17.5,1.0,0.022857246920466423
,0.0,,,,175,2,17.5,1.0,0.4789353311061859
,0.0,,,,175,3,17.5,1.0,0.1338026076555252
,0.0,,,,175,4,17.5,1.0,0.3644048273563385
,0.0,,,,176,1,17.600000381469727,1.0,0.020719455555081367
,0.0,,,,176,2,17.600000381469727,1.0,0.3558585047721863
,0.0,,,,176,3,17.600000381469727,1.0,0.1682547628879547
,0.0,,,,176,4,17.600000381469727,1.0,0.45516732335090637
,0.0,,,,177,1,17.700000762939453,1.0,0.04508548974990845
,0.0,,,,177,2,17.700000762939453,1.0,0.27602413296699524
,0.0,,,,177,3,17.700000762939453,1.0,0.14859063923358917
,0.0,,,,177,4,17.700000762939453,1.0,0.530299723148346
,0.0,,,,178,1,17.799999237060547,1.0,0.018298547714948654
,0.0,,,,178,2,17.799999237060547,1.0,0.37838804721832275
,0.0,,,,178,3,17.799999237060547,1.0,0.10227156430482864
,0.0,,,,178,4,17.799999237060547,1.0,0.501041829586029
,0.0,,,,179,1,17.899999618530273,1.0,0.056699495762586594
,0.0,,,,179,2,17.899999618530273,1.0,0.45661479234695435
,0.0,,,,179,3,17.899999618530273,1.0,0.21830697357654572
,0.0,,,,179,4,17.899999618530273,1.0,0.2683787941932678
,0.0,,,,180,1,18.0,1.0,0.04054945334792137
,0.0,,,,180,2,18.0,1.0,0.6353996396064758
,0.0,,,,180,3,18.0,1.0,0.13244526088237762
,0.0,,,,180,4,18.0,1.0,0.19160573184490204
,0.0,,,,181,1,18.100000381469727,1.0,0.021468227729201317
,0.0,,,,181,2,18.100000381469727,1.0,0.6300990581512451
,0.0,,,,181,3,18.100000381469727,1.0,0.1145431399345398
,0.0,,,,181,4,18.100000381469727,1.0,0.2338895946741104
,0.0,,,,182,1,18.200000762939453,1.0,0.011108240112662315
,0.0,,,,182,2,18.200000762939453,1.0,0.5837982296943665
,0.0,,,,182,3,18.200000762939453,1.0,0.13797828555107117
,0.0,,,,182,4,18.200000762939453,1.0,0.26711514592170715
,0.0,,,,183,1,18.299999237060547,1.0,0.00642430642619729
,0.0,,,,183,2,18.299999237060547,1.0,0.7623125314712524
,0.0,,,,183,3,18.299999237060547,1.0,0.09027747809886932
,0.0,,,,183,4,18.299999237060547,1.0,0.1409856677055359
,0.0,,,,184,1,18.399999618530273,1.0,0.0024882822763174772
,0.0,,,,184,2,18.399999618530273,1.0,0.7221876978874207
,0.0,,,,184,3,18.399999618530273,1.0,0.09899526089429855
,0.0,,,,184,4,18.399999618530273,1.0,0.17632873356342316
,0.0,,,,185,1,18.5,1.0,0.015409120358526707
,0.0,,,,185,2,18.5,1.0,0.7005685567855835
,0.0,,,,185,3,18.5,1.0,0.121857650578022
,0.0,,,,185,4,18.5,1.0,0.16216470301151276
,0.0,,,,186,1,18.600000381469727,1.0,0.008490580134093761
,0.0,,,,186,2,18.600000381469727,1.0,0.6980811953544617
,0.0,,,,186,3,18.600000381469727,1.0,0.07808984071016312
,0.0,,,,186,4,18.600000381469727,1.0,0.21533842384815216
,0.0,,,,187,1,18.700000762939453,1.0,0.008333356119692326
,0.0,,,,187,2,18.700000762939453,1.0,0.6710570454597473
,0.0,,,,187,3,18.700000762939453,1.0,0.15399539470672607
,0.0,,,,187,4,18.700000762939453,1.0,0.16661418974399567
,0.0,,,,188,1,18.799999237060547,1.0,0.002328602597117424
,0.0,,,,188,2,18.799999237060547,1.0,0.6123039126396179
,0.0,,,,188,3,18.799999237060547,1.0,0.21322229504585266
,0.0,,,,188,4,18.799999237060547,1.0,0.17214520275592804
,0.0,,,,189,1,18.899999618530273,1.0,0.0030770553275942802
,0.0,,,,189,2,18.899999618530273,1.0,0.6170469522476196
,0.0,,,,189,3,18.899999618530273,1.0,0.24082189798355103
,0.0,,,,189,4,18.899999618530273,1.0,0.13905413448810577
,0.0,,,,190,1,19.0,1.0,0.00459620077162981
,0.0,,,,190,2,19.0,1.0,0.6001538038253784
,0.0,,,,190,3,19.0,1.0,0.18888422846794128
,0.0,,,,190,4,19.0,1.0,0.20636585354804993
,0.0,,,,191,1,19.100000381469727,1.0,0.007857219316065311
,0.0,,,,191,2,19.100000381469727,1.0,0.5455804467201233
,0.0,,,,191,3,19.100000381469727,1.0,0.28013667464256287
,0.0,,,,191,4,19.100000381469727,1.0,0.1664256453514099
,0.0,,,,192,1,19.200000762939453,1.0,0.0030793005134910345
,0.0,,,,192,2,19.200000762939453,1.0,0.4856525659561157
,0.0,,,,192,3,19.200000762939453,1.0,0.2556828260421753
,0.0,,,,192,4,19.200000762939453,1.0,0.25558531284332275
,0.0,,,,193,1,19.299999237060547,1.0,0.002709961263462901
,0.0,,,,193,2,19.299999237060547,1.0,0.48253974318504333
,0.0,,,,193,3,19.299999237060547,1.0,0.25266003608703613
,0.0,,,,193,4,19.299999237060547,1.0,0.2620902359485626
,0.0,,,,194,1,19.399999618530273,1.0,0.0054425387643277645
,0.0,,,,194,2,19.399999618530273,1.0,0.5169356465339661
,0.0,,,,194,3,19.399999618530273,1.0,0.254352331161499
,0.0,,,,194,4,19.399999618530273,1.0,0.22326955199241638
,0.0,,,,195,1,19.5,1.0,0.00910625047981739
,0.0,,,,195,2,19.5,1.0,0.5769684314727783
,0.0,,,,195,3,19.5,1.0,0.23117341101169586
,0.0,,,,195,4,19.5,1.0,0.1827518790960312
,0.0,,,,196,1,19.600000381469727,1.0,0.051458362489938736
,0.0,,,,196,2,19.600000381469727,1.0,0.3363554775714874
,0.0,,,,196,3,19.600000381469727,1.0,0.15739308297634125
,0.0,,,,196,4,19.600000381469727,1.0,0.4547930657863617
,0.0,,,,197,1,19.700000762939453,1.0,0.08347445726394653
,0.0,,,,197,2,19.700000762939453,1.0,0.24025849997997284
,0.0,,,,197,3,19.700000762939453,1.0,0.31270653009414673
,0.0,,,,197,4,19.700000762939453,1.0,0.3635604977607727
,0.0,,,,198,1,19.799999237060547,1.0,0.08332796394824982
,0.0,,,,198,2,19.799999237060547,1.0,0.1511017233133316
,0.0,,,,198,3,19.799999237060547,1.0,0.27352845668792725
,0.0,,,,198,4,19.799999237060547,1.0,0.4920419156551361
,0.0,,,,199,1,19.899999618530273,1.0,0.09599711745977402
,0.0,,,,199,2,19.899999618530273,1.0,0.136175274848938
,0.0,,,,199,3,19.899999618530273,1.0,0.20216813683509827
,0.0,,,,199,4,19.899999618530273,1.0,0.5656594634056091
,0.0,,,,200,1,20.0,1.0,0.08886060863733292
,0.0,,,,200,2,20.0,1.0,0.15865790843963623
,0.0,,,,200,3,20.0,1.0,0.2373845875263214
,0.0,,,,200,4,20.0,1.0,0.51509690284729
,0.0,,,,201,1,20.100000381469727,1.0,0.1037583276629448
,0.0,,,,201,2,20.100000381469727,1.0,0.08307753503322601
,0.0,,,,201,3,20.100000381469727,1.0,0.23333293199539185
,0.0,,,,201,4,20.100000381469727,1.0,0.5798311829566956
,0.0,,,,202,1,20.200000762939453,1.0,0.07694056630134583
,0.0,,,,202,2,20.200000762939453,1.0,0.08839941024780273
,0.0,,,,202,3,20.200000762939453,1.0,0.2707812190055847
,0.0,,,,202,4,20.200000762939453,1.0,0.5638787746429443
,0.0,,,,203,1,20.299999237060547,1.0,0.19155444204807281
,0.0,,,,203,2,20.299999237060547,1.0,0.06529854238033295
,0.0,,,,203,3,20.299999237060547,1.0,0.2990487515926361
,0.0,,,,203,4,20.299999237060547,1.0,0.44409823417663574
,0.0,,,,204,1,20.399999618530273,1.0,0.0971367135643959
,0.0,,,,204,2,20.399999618530273,1.0,0.06236737594008446
,0.0,,,,204,3,20.399999618530273,1.0,0.3410068154335022
,0.0,,,,204,4,20.399999618530273,1.0,0.4994891285896301
,0.0,,,,205,1,20.5,1.0,0.16014261543750763
,0.0,,,,205,2,20.5,1.0,0.09263889491558075
,0.0,,,,205,3,20.5,1.0,0.2847346365451813
,0.0,,,,205,4,20.5,1.0,0.46248385310173035
,0.0,,,,206,1,20.600000381469727,1.0,0.1301758736371994
,0.0,,,,206,2,20.600000381469727,1.0,0.12206241488456726
,0.0,,,,206,3,20.600000381469727,1.0,0.3188650608062744
,0.0,,,,206,4,20.600000381469727,1.0,0.42889657616615295
,0.0,,,,207,1,20.700000762939453,1.0,0.15422531962394714
,0.0,,,,207,2,20.700000762939453,1.0,0.07080801576375961
,0.0,,,,207,3,20.700000762939453,1.0,0.38019996881484985
,0.0,,,,207,4,20.700000762939453,1.0,0.3947667181491852
,0.0,,,,208,1,20.799999237060547,1.0,0.09924963116645813
,0.0,,,,208,2,20.799999237060547,1.0,0.04556893929839134
,0.0,,,,208,3,20.799999237060547,1.0,0.25447940826416016
,0.0,,,,208,4,20.799999237060547,1.0,0.6007020473480225
,0.0,,,,209,1,20.899999618530273,1.0,0.06686186045408249
,0.0,,,,209,2,20.899999618530273,1.0,0.05192369967699051
,0.0,,,,209,3,20.899999618530273,1.0,0.13621750473976135
,0.0,,,,209,4,20.899999618530273,1.0,0.7449969053268433
,0.0,,,,210,1,21.0,1.0,0.07479750365018845
,0.0,,,,210,2,21.0,1.0,0.026880275458097458
,0.0,,,,210,3,21.0,1.0,0.1676596999168396
,0.0,,,,210,4,21.0,1.0,0.7306625247001648
,0.0,,,,211,1,21.100000381469727,1.0,0.07144820690155029
,0.0,,,,211,2,21.100000381469727,1.0,0.025160985067486763
,0.0,,,,211,3,21.100000381469727,1.0,0.19618365168571472
,0.0,,,,211,4,21.100000381469727,1.0,0.7072071433067322
,0.0,,,,212,1,21.200000762939453,1.0,0.08748719841241837
,0.0,,,,212,2,21.200000762939453,1.0,0.03636062890291214
,0.0,,,,212,3,21.200000762939453,1.0,0.2320968359708786
,0.0,,,,212,4,21.200000762939453,1.0,0.6440553069114685
,0.0,,,,213,1,21.299999237060547,1.0,0.08312513679265976
,0.0,,,,213,2,21.299999237060547,1.0,0.06334739923477173
,0.0,,,,213,3,21.299999237060547,1.0,0.3293135464191437
,0.0,,,,213,4,21.299999237060547,1.0,0.5242139101028442
,0.0,,,,214,1,21.399999618530273,1.0,0.10967876762151718
,0.0,,,,214,2,21.399999618530273,1.0,0.06622779369354248
,0.0,,,,214,3,21.399999618530273,1.0,0.2213696539402008
,0.0,,,,214,4,21.399999618530273,1.0,0.6027237772941589
,0.0,,,,215,1,21.5,1.0,0.23404239118099213
,0.0,,,,215,2,21.5,1.0,0.027469510212540627
,0.0,,,,215,3,21.5,1.0,0.19277669489383698
,0.0,,,,215,4,21.5,1.0,0.5457114577293396
,0.0,,,,216,1,21.600000381469727,1.0,0.15744280815124512
,0.0,,,,216,2,21.600000381469727,1.0,0.03546254336833954
,0.0,,,,216,3,21.600000381469727,1.0,0.23550006747245789
,0.0,,,,216,4,21.600000381469727,1.0,0.5715945959091187
,0.0,,,,217,1,21.700000762939453,1.0,0.17081820964813232
,0.0,,,,217,2,21.700000762939453,1.0,0.028337618336081505
,0.0,,,,217,3,21.700000762939453,1.0,0.3125474452972412
,0.0,,,,217,4,21.700000762939453,1.0,0.4882967472076416
,0.0,,,,218,1,21.799999237060547,1.0,0.09197944402694702
,0.0,,,,218,2,21.799999237060547,1.0,0.02506284788250923
,0.0,,,,218,3,21.799999237060547,1.0,0.2861297130584717
,0.0,,,,218,4,21.799999237060547,1.0,0.5968279838562012
,0.0,,,,219,1,21.899999618530273,1.0,0.1587476283311844
,0.0,,,,219,2,21.899999618530273,1.0,0.006738455966114998
,0.0,,,,219,3,21.899999618530273,1.0,0.24785448610782623
,0.0,,,,219,4,21.899999618530273,1.0,0.5866594910621643
,0.0,,,,220,1,22.0,1.0,0.24211297929286957
,0.0,,,,220,2,22.0,1.0,0.0015890985960140824
,0.0,,,,220,3,22.0,1.0,0.23884905874729156
,0.0,,,,220,4,22.0,1.0,0.5174488425254822
,0.0,,,,221,1,22.100000381469727,1.0,0.34647634625434875
,0.0,,,,221,2,22.100000381469727,1.0,0.0019344412721693516
,0.0,,,,221,3,22.100000381469727,1.0,0.2773817777633667
,0.0,,,,221,4,22.100000381469727,1.0,0.374207466840744
,0.0,,,,222,1,22.200000762939453,1.0,0.320351779460907
,0.0,,,,222,2,22.200000762939453,1.0,0.001636744593270123
,0.0,,,,222,3,22.200000762939453,1.0,0.245200976729393
,0.0,,,,222,4,22.200000762939453,1.0,0.43281057476997375
,0.0,,,,223,1,22.299999237060547,1.0,0.25058236718177795
,0.0,,,,223,2,22.299999237060547,1.0,0.010217205621302128
,0.0,,,,223,3,22.299999237060547,1.0,0.24966830015182495
,0.0,,,,223,4,22.299999237060547,1.0,0.4895322024822235
,0.0,,,,224,1,22.399999618530273,1.0,0.2746109366416931
,0.0,,,,224,2,22.399999618530273,1.0,0.006520015653222799
,0.0,,,,224,3,22.399999618530273,1.0,0.21976564824581146
,0.0,,,,224,4,22.399999618530273,1.0,0.4991033673286438
,0.0,,,,225,1,22.5,1.0,0.39815446734428406
,0.0,,,,225,2,22.5,1.0,0.011937396600842476
,0.0,,,,225,3,22.5,1.0,0.22065986692905426
,0.0,,,,225,4,22.5,1.0,0.36924827098846436
,0.0,,,,226,1,22.600000381469727,1.0,0.577904462814331
,0.0,,,,226,2,22.600000381469727,1.0,0.010781766846776009
,0.0,,,,226,3,22.600000381469727,1.0,0.19847287237644196
,0.0,,,,226,4,22.600000381469727,1.0,0.2128409892320633
,0.0,,,,227,1,22.700000762939453,1.0,0.5573258996009827
,0.0,,,,227,2,22.700000762939453,1.0,0.004970208276063204
,0.0,,,,227,3,22.700000762939453,1.0,0.16180546581745148
,0.0,,,,227,4,22.700000762939453,1.0,0.27589842677116394
,0.0,,,,228,1,22.799999237060547,1.0,0.7181431651115417
,0.0,,,,228,2,22.799999237060547,1.0,0.004746341612190008
,0.0,,,,228,3,22.799999237060547,1.0,0.10534684360027313
,0.0,,,,228,4,22.799999237060547,1.0,0.17176364362239838
,0.0,,,,229,1,22.899999618530273,1.0,0.8155398368835449
,0.0,,,,229,2,22.899999618530273,1.0,0.008606254123151302
,0.0,,,,229,3,22.899999618530273,1.0,0.09468691051006317
,0.0,,,,229,4,22.899999618530273,1.0,0.08116691559553146
,0.0,,,,230,1,23.0,1.0,0.7785044312477112
,0.0,,,,230,2,23.0,1.0,0.002437329152598977
,0.0,,,,230,3,23.0,1.0,0.1267329752445221
,0.0,,,,230,4,23.0,1.0,0.09232523292303085
,0.0,,,,231,1,23.100000381469727,1.0,0.8644344210624695
,0.0,,,,231,2,23.100000381469727,1.0,0.003875494934618473
,0.0,,,,231,3,23.100000381469727,1.0,0.09989239275455475
,0.0,,,,231,4,23.100000381469727,1.0,0.03179771825671196
,0.0,,,,232,1,23.200000762939453,1.0,0.8714097738265991
,0.0,,,,232,2,23.200000762939453,1.0,0.002327379770576954
,0.0,,,,232,3,23.200000762939453,1.0,0.0987228974699974
,0.0,,,,232,4,23.200000762939453,1.0,0.027539929375052452
,0.0,,,,233,1,23.299999237060547,1.0,0.8176653385162354
,0.0,,,,233,2,23.299999237060547,1.0,0.000684224592987448
,0.0,,,,233,3,23.299999237060547,1.0,0.1123218759894371
,0.0,,,,233,4,23.299999237060547,1.0,0.0693284347653389
,0.0,,,,234,1,23.399999618530273,1.0,0.7350253462791443
,0.0,,,,234,2,23.399999618530273,1.0,0.00453098164871335
,0.0,,,,234,3,23.399999618530273,1.0,0.16754372417926788
,0.0,,,,234,4,23.399999618530273,1.0,0.09289991855621338
,0.0,,,,235,1,23.5,1.0,0.8011134266853333
,0.0,,,,235,2,23.5,1.0,0.01640881784260273
,0.0,,,,235,3,23.5,1.0,0.14226628839969635
,0.0,,,,235,4,23.5,1.0,0.04021140933036804
,0.0,,,,236,1,23.600000381469727,1.0,0.7588629126548767
,0.0,,,,236,2,23.600000381469727,1.0,0.006751880515366793
,0.0,,,,236,3,23.600000381469727,1.0,0.1367403268814087
,0.0,,,,236,4,23.600000381469727,1.0,0.09764489531517029
,0.0,,,,237,1,23.700000762939453,1.0,0.7866476774215698
,0.0,,,,237,2,23.700000762939453,1.0,0.009346652776002884
,0.0,,,,237,3,23.700000762939453,1.0,0.11891473084688187
,0.0,,,,237,4,23.700000762939453,1.0,0.08509092777967453
,0.0,,,,238,1,23.799999237060547,1.0,0.6841385364532471
,0.0,,,,238,2,23.799999237060547,1.0,0.0018405454466119409
,0.0,,,,238,3,23.799999237060547,1.0,0.08544985204935074
,0.0,,,,238,4,23.799999237060547,1.0,0.22857101261615753
,0.0,,,,239,1,23.899999618530273,1.0,0.5789703726768494
,0.0,,,,239,2,23.899999618530273,1.0,0.002592297736555338
,0.0,,,,239,3,23.899999618530273,1.0,0.09792531281709671
,0.0,,,,239,4,23.899999618530273,1.0,0.3205120265483856
,0.0,,,,240,1,24.0,1.0,0.43512091040611267
,0.0,,,,240,2,24.0,1.0,0.0010792482644319534
,0.0,,,,240,3,24.0,1.0,0.09373105317354202
,0.0,,,,240,4,24.0,1.0,0.4700688421726227
,0.0,,,,241,1,24.100000381469727,1.0,0.4772699177265167
,0.0,,,,241,2,24.100000381469727,1.0,0.00022282032296061516
,0.0,,,,241,3,24.100000381469727,1.0,0.10821160674095154
,0.0,,,,241,4,24.100000381469727,1.0,0.41429564356803894
,0.0,,,,242,1,24.200000762939453,1.0,0.47513753175735474
,0.0,,,,242,2,24.200000762939453,1.0,0.0013016904704272747
,0.0,,,,242,3,24.200000762939453,1.0,0.13948078453540802
,0.0,,,,242,4,24.200000762939453,1.0,0.38408005237579346
,0.0,,,,243,1,24.299999237060547,1.0,0.534449577331543
,0.0,,,,243,2,24.299999237060547,1.0,0.0017165105091407895
,0.0,,,,243,3,24.299999237060547,1.0,0.1706041395664215
,0.0,,,,243,4,24.299999237060547,1.0,0.2932298183441162
,0.0,,,,244,1,24.399999618530273,1.0,0.6796565651893616
,0.0,,,,244,2,24.399999618530273,1.0,0.001911638886667788
,0.0,,,,244,3,24.399999618530273,1.0,0.16003704071044922
,0.0,,,,244,4,24.399999618530273,1.0,0.15839476883411407
,0.0,,,,245,1,24.5,1.0,0.70472651720047
,0.0,,,,245,2,24.5,1.0,0.007141598500311375
,0.0,,,,245,3,24.5,1.0,0.18934491276741028
,0.0,,,,245,4,24.5,1.0,0.09878700226545334
,0.0,,,,246,1,24.600000381469727,1.0,0.6567054390907288
,0.0,,,,246,2,24.600000381469727,1.0,0.0101866964250803
,0.0,,,,246,3,24.600000381469727,1.0,0.2084466516971588
,0.0,,,,246,4,24.600000381469727,1.0,0.1246611475944519
,0.0,,,,247,1,24.700000762939453,1.0,0.5997695326805115
,0.0,,,,247,2,24.700000762939453,1.0,0.010050218552350998
,0.0,,,,247,3,24.700000762939453,1.0,0.18360166251659393
,0.0,,,,247,4,24.700000762939453,1.0,0.2065785825252533
,0.0,,,,248,1,24.799999237060547,1.0,0.5778421759605408
,0.0,,,,248,2,24.799999237060547,1.0,0.05441860854625702
,0.0,,,,248,3,24.799999237060547,1.0,0.18881264328956604
,0.0,,,,248,4,24.799999237060547,1.0,0.17892658710479736
,0.0,,,,249,1,24.899999618530273,1.0,0.5338736176490784
,0.0,,,,249,2,24.899999618530273,1.0,0.18964819610118866
,0.0,,,,249,3,24.899999618530273,1.0,0.20338520407676697
,0.0,,,,249,4,24.899999618530273,1.0,0.07309301942586899
,0.0,,,,250,1,25.0,1.0,0.5929941534996033
,0.0,,,,250,2,25.0,1.0,0.1360066533088684
,0.0,,,,250,3,25.0,1.0,0.18687739968299866
,0.0,,,,250,4,25.0,1.0,0.08412178605794907
,0.0,,,,251,1,25.100000381469727,1.0,0.5753825306892395
,0.0,,,,251,2,25.100000381469727,1.0,0.16730284690856934
,0.0,,,,251,3,25.100000381469727,1.0,0.13774141669273376
,0.0,,,,251,4,25.100000381469727,1.0,0.11957324296236038
,0.0,,,,252,1,25.200000762939453,1.0,0.734473705291748
,0.0,,,,252,2,25.200000762939453,1.0,0.0965038314461708
,0.0,,,,252,3,25.200000762939453,1.0,0.09259887784719467
,0.0,,,,252,4,25.200000762939453,1.0,0.07642356306314468
,0.0,,,,253,1,25.299999237060547,1.0,0.6442038416862488
,0.0,,,,253,2,25.299999237060547,1.0,0.10015486180782318
,0.0,,,,253,3,25.299999237060547,1.0,0.12444140017032623
,0.0,,,,253,4,25.299999237060547,1.0,0.13119986653327942
,0.0,,,,254,1,25.399999618530273,1.0,0.6530664563179016
,0.0,,,,254,2,25.399999618530273,1.0,0.18557412922382355
,0.0,,,,254,3,25.399999618530273,1.0,0.07101985067129135
,0.0,,,,254,4,25.399999618530273,1.0,0.0903395414352417
,0.0,,,,255,1,25.5,1.0,0.5805734395980835
,0.0,,,,255,2,25.5,1.0,0.17071612179279327
,0.0,,,,255,3,25.5,1.0,0.11510585993528366
,0.0,,,,255,4,25.5,1.0,0.13360461592674255
,0.0,,,,256,1,25.600000381469727,1.0,0.4502272605895996
,0.0,,,,256,2,25.600000381469727,1.0,0.23786933720111847
,0.0,,,,256,3,25.600000381469727,1.0,0.12936678528785706
,0.0,,,,256,4,25.600000381469727,1.0,0.18253664672374725
,0.0,,,,257,1,25.700000762939453,1.0,0.6337133646011353
,0.0,,,,257,2,25.700000762939453,1.0,0.06400320678949356
,0.0,,,,257,3,25.700000762939453,1.0,0.05307428911328316
,0.0,,,,257,4,25.700000762939453,1.0,0.2492092400789261
,0.0,,,,258,1,25.799999237060547,1.0,0.2518838942050934
,0.0,,,,258,2,25.799999237060547,1.0,0.12557752430438995
,0.0,,,,258,3,25.799999237060547,1.0,0.10205798596143723
,0.0,,,,258,4,25.799999237060547,1.0,0.5204805731773376
,0.0,,,,259,1,25.899999618530273,1.0,0.19942167401313782
,0.0,,,,259,2,25.899999618530273,1.0,0.08481363207101822
,0.0,,,,259,3,25.899999618530273,1.0,0.15077735483646393
,0.0,,,,259,4,25.899999618530273,1.0,0.5649873614311218
,0.0,,,,260,1,26.0,1.0,0.08680380880832672
,0.0,,,,260,2,26.0,1.0,0.08455010503530502
,0.0,,,,260,3,26.0,1.0,0.12032773345708847
,0.0,,,,260,4,26.0,1.0,0.7083183526992798
,0.0,,,,261,1,26.100000381469727,1.0,0.04308571666479111
,0.0,,,,261,2,26.100000381469727,1.0,0.050460007041692734
,0.0,,,,261,3,26.100000381469727,1.0,0.13232310116291046
,0.0,,,,261,4,26.100000381469727,1.0,0.774131178855896
,0.0,,,,262,1,26.200000762939453,1.0,0.0336233414709568
,0.0,,,,262,2,26.200000762939453,1.0,0.023536717519164085
,0.0,,,,262,3,26.200000762939453,1.0,0.11342047154903412
,0.0,,,,262,4,26.200000762939453,1.0,0.8294194340705872
,0.0,,,,263,1,26.299999237060547,1.0,0.032168854027986526
,0.0,,,,263,2,26.299999237060547,1.0,0.007882474921643734
,0.0,,,,263,3,26.299999237060547,1.0,0.11114677041769028
,0.0,,,,263,4,26.299999237060547,1.0,0.8488019108772278
,0.0,,,,264,1,26.399999618530273,1.0,0.020858652889728546
,0.0,,,,264,2,26.399999618530273,1.0,0.012350425124168396
,0.0,,,,264,3,26.399999618530273,1.0,0.18599626421928406
,0.0,,,,264,4,26.399999618530273,1.0,0.7807946801185608
,0.0,,,,265,1,26.5,1.0,0.008084594272077084
,0.0,,,,265,2,26.5,1.0,0.012858178466558456
,0.0,,,,265,3,26.5,1.0,0.19991186261177063
,0.0,,,,265,4,26.5,1.0,0.779145359992981
,0.0,,,,266,1,26.600000381469727,1.0,0.031702931970357895
,0.0,,,,266,2,26.600000381469727,1.0,0.006805168464779854
,0.0,,,,266,3,26.600000381469727,1.0,0.16905465722084045
,0.0,,,,266,4,26.600000381469727,1.0,0.7924373149871826
,0.0,,,,267,1,26.700000762939453,1.0,0.04246080294251442
,0.0,,,,267,2,26.700000762939453,1.0,0.00519179692491889
,0.0,,,,267,3,26.700000762939453,1.0,0.2074805498123169
,0.0,,,,267,4,26.700000762939453,1.0,0.7448667883872986
,0.0,,,,268,1,26.799999237060547,1.0,0.036555781960487366
,0.0,,,,268,2,26.799999237060547,1.0,0.008649568073451519
,0.0,,,,268,3,26.799999237060547,1.0,0.15137161314487457
,0.0,,,,268,4,26.799999237060547,1.0,0.8034231066703796
,0.0,,,,269,1,26.899999618530273,1.0,0.047492798417806625
,0.0,,,,269,2,26.899999618530273,1.0,0.015935547649860382
,0.0,,,,269,3,26.899999618530273,1.0,0.14893685281276703
,0.0,,,,269,4,26.899999618530273,1.0,0.7876347899436951
,0.0,,,,270,1,27.0,1.0,0.020586207509040833
,0.0,,,,270,2,27.0,1.0,0.02765742316842079
,0.0,,,,270,3,27.0,1.0,0.1152946725487709
,0.0,,,,270,4,27.0,1.0,0.8364616632461548
,0.0,,,,271,1,27.100000381469727,1.0,0.01904745027422905
,0.0,,,,271,2,27.100000381469727,1.0,0.04143240675330162
,0.0,,,,271,3,27.100000381469727,1.0,0.08785305172204971
,0.0,,,,271,4,27.100000381469727,1.0,0.851667046546936
,0.0,,,,272,1,27.200000762939453,1.0,0.06128654628992081
,0.0,,,,272,2,27.200000762939453,1.0,0.043254900723695755
,0.0,,,,272,3,27.200000762939453,1.0,0.04225483909249306
,0.0,,,,272,4,27.200000762939453,1.0,0.8532037734985352
,0.0,,,,273,1,27.299999237060547,1.0,0.1271180808544159
,0.0,,,,273,2,27.299999237060547,1.0,0.029483867809176445
,0.0,,,,273,3,27.299999237060547,1.0,0.02862911857664585
,0.0,,,,273,4,27.299999237060547,1.0,0.81476891040802
,0.0,,,,274,1,27.399999618530273,1.0,0.10063536465167999
,0.0,,,,274,2,27.399999618530273,1.0,0.03235746920108795
,0.0,,,,274,3,27.399999618530273,1.0,0.03289160877466202
,0.0,,,,274,4,27.399999618530273,1.0,0.8341155052185059
,0.0,,,,275,1,27.5,1.0,0.07341215014457703
,0.0,,,,275,2,27.5,1.0,0.02258053980767727
,0.0,,,,275,3,27.5,1.0,0.02678847312927246
,0.0,,,,275,4,27.5,1.0,0.8772188425064087
,0.0,,,,276,1,27.600000381469727,1.0,0.07177946716547012
,0.0,,,,276,2,27.600000381469727,1.0,0.03154529631137848
,0.0,,,,276,3,27.600000381469727,1.0,0.02470056340098381
,0.0,,,,276,4,27.600000381469727,1.0,0.8719746470451355
,0.0,,,,277,1,27.700000762939453,1.0,0.05132381245493889
,0.0,,,,277,2,27.700000762939453,1.0,0.03992287069559097
,0.0,,,,277,3,27.700000762939453,1.0,0.024365663528442383
,0.0,,,,277,4,27.700000762939453,1.0,0.8843876719474792
,0.0,,,,278,1,27.799999237060547,1.0,0.08363504707813263
,0.0,,,,278,2,27.799999237060547,1.0,0.013735794462263584
,0.0,,,,278,3,27.799999237060547,1.0,0.04199470579624176
,0.0,,,,278,4,27.799999237060547,1.0,0.8606345057487488
,0.0,,,,279,1,27.899999618530273,1.0,0.08290674537420273
,0.0,,,,279,2,27.899999618530273,1.0,0.03217233344912529
,0.0,,,,279,3,27.899999618530273,1.0,0.027134018018841743
,0.0,,,,279,4,27.899999618530273,1.0,0.8577869534492493
,0.0,,,,280,1,28.0,1.0,0.05796106532216072
,0.0,,,,280,2,28.0,1.0,0.0440366268157959
,0.0,,,,280,3,28.0,1.0,0.022285709157586098
,0.0,,,,280,4,28.0,1.0,0.8757165670394897
,0.0,,,,281,1,28.100000381469727,1.0,0.04309578984975815
,0.0,,,,281,2,28.100000381469727,1.0,0.03742799162864685
,0.0,,,,281,3,28.100000381469727,1.0,0.01706845499575138
,0.0,,,,281,4,28.100000381469727,1.0,0.9024078249931335
,0.0,,,,282,1,28.200000762939453,1.0,0.02149837277829647
,0.0,,,,282,2,28.200000762939453,1.0,0.03307301178574562
,0.0,,,,282,3,28.200000762939453,1.0,0.014458894729614258
,0.0,,,,282,4,28.200000762939453,1.0,0.9309697151184082
,0.0,,,,283,1,28.299999237060547,1.0,0.0022362330928444862
,0.0,,,,283,2,28.299999237060547,1.0,0.03308761864900589
,0.0,,,,283,3,28.299999237060547,1.0,0.012995908968150616
,0.0,,,,283,4,28.299999237060547,1.0,0.9516801834106445
,0.0,,,,284,1,28.399999618530273,1.0,0.0008262794581241906
,0.0,,,,284,2,28.399999618530273,1.0,0.024458177387714386
,0.0,,,,284,3,28.399999618530273,1.0,0.01244331244379282
,0.0,,,,284,4,28.399999618530273,1.0,0.9622722268104553
,0.0,,,,285,1,28.5,1.0,0.0014991600764915347
,0.0,,,,285,2,28.5,1.0,0.028175076469779015
,0.0,,,,285,3,28.5,1.0,0.009482938796281815
,0.0,,,,285,4,28.5,1.0,0.9608429074287415
,0.0,,,,286,1,28.600000381469727,1.0,0.0018420423148199916
,0.0,,,,286,2,28.600000381469727,1.0,0.05242351070046425
,0.0,,,,286,3,28.600000381469727,1.0,0.01367966365069151
,0.0,,,,286,4,28.600000381469727,1.0,0.9320548176765442
,0.0,,,,287,1,28.700000762939453,1.0,0.0005221048486419022
,0.0,,,,287,2,28.700000762939453,1.0,0.041331250220537186
,0.0,,,,287,3,28.700000762939453,1.0,0.01974550262093544
,0.0,,,,287,4,28.700000762939453,1.0,0.9384011626243591
,0.0,,,,288,1,28.799999237060547,1.0,0.0002774275199044496
,0.0,,,,288,2,28.799999237060547,1.0,0.035624340176582336
,0.0,,,,288,3,28.799999237060547,1.0,0.03267277777194977
,0.0,,,,288,4,28.799999237060547,1.0,0.9314255118370056
,0.0,,,,289,1,28.899999618530273,1.0,0.0008270501857623458
,0.0,,,,289,2,28.899999618530273,1.0,0.02551453560590744
,0.0,,,,289,3,28.899999618530273,1.0,0.02191316708922386
,0.0,,,,289,4,28.899999618530273,1.0,0.9517452120780945
,0.0,,,,290,1,29.0,1.0,0.0006633075536228716
,0.0,,,,290,2,29.0,1.0,0.03771207481622696
,0.0,,,,290,3,29.0,1.0,0.01650739461183548
,0.0,,,,290,4,29.0,1.0,0.9451172351837158
,0.0,,,,291,1,29.100000381469727,1.0,0.00029380409978330135
,0.0,,,,291,2,29.100000381469727,1.0,0.03749138489365578
,0.0,,,,291,3,29.100000381469727,1.0,0.017971554771065712
,0.0,,,,291,4,29.100000381469727,1.0,0.9442432522773743
,0.0,,,,292,1,29.200000762939453,1.0,0.0002966401807498187
,0.0,,,,292,2,29.200000762939453,1.0,0.04174024239182472
,0.0,,,,292,3,29.200000762939453,1.0,0.02201705239713192
,0.0,,,,292,4,29.200000762939453,1.0,0.9359461069107056
,0.0,,,,293,1,29.299999237060547,1.0,0.00019114025053568184
,0.0,,,,293,2,29.299999237060547,1.0,0.03875457122921944
,0.0,,,,293,3,29.299999237060547,1.0,0.02330547757446766
,0.0,,,,293,4,29.299999237060547,1.0,0.9377488493919373
,0.0,,,,294,1,29.399999618530273,1.0,3.636541441665031e-05
,0.0,,,,294,2,29.399999618530273,1.0,0.05409785360097885
,0.0,,,,294,3,29.399999618530273,1.0,0.01963214762508869
,0.0,,,,294,4,29.399999618530273,1.0,0.9262336492538452
,0.0,,,,295,1,29.5,1.0,4.875761806033552e-05
,0.0,,,,295,2,29.5,1.0,0.1035485491156578
,0.0,,,,295,3,29.5,1.0,0.013662641867995262
,0.0,,,,295,4,29.5,1.0,0.8827400207519531
,0.0,,,,296,1,29.600000381469727,1.0,2.492385647201445e-05
,0.0,,,,296,2,29.600000381469727,1.0,0.19603638350963593
,0.0,,,,296,3,29.600000381469727,1.0,0.03080897033214569
,0.0,,,,296,4,29.600000381469727,1.0,0.7731297612190247
,0.0,,,,297,1,29.700000762939453,1.0,2.107536420226097e-05
,0.0,,,,297,2,29.700000762939453,1.0,0.18713989853858948
,0.0,,,,297,3,29.700000762939453,1.0,0.04060235247015953
,0.0,,,,297,4,29.700000762939453,1.0,0.772236704826355
,0.0,,,,298,1,29.799999237060547,1.0,4.424491180543555e-06
,0.0,,,,298,2,29.799999237060547,1.0,0.14129211008548737
,0.0,,,,298,3,29.799999237060547,1.0,0.058412421494722366
,0.0,,,,298,4,29.799999237060547,1.0,0.8002910614013672
,0.0,,,,299,1,29.899999618530273,1.0,2.3144621081883088e-05
,0.0,,,,299,2,29.899999618530273,1.0,0.05375979468226433
,0.0,,,,299,3,29.899999618530273,1.0,0.0676937997341156
,0.0,,,,299,4,29.899999618530273,1.0,0.8785232305526733
,0.0,,,,300,1,30.0,1.0,0.00045718406909145415
,0.0,,,,300,2,30.0,1.0,0.15292580425739288
,0.0,,,,300,3,30.0,1.0,0.0844356119632721
,1.0,,,,300,4,30.0,1.0,0.7621814012527466
,0.0,,,,301,1,30.100000381469727,1.0,1.2938348845636938e-05
,0.0,,,,301,2,30.100000381469727,1.0,0.010670333169400692
,0.0,,,,301,3,30.100000381469727,1.0,0.009052202105522156
,1.0,,,,301,4,30.100000381469727,1.0,0.9802645444869995
,0.0,,,,302,1,30.200000762939453,1.0,3.728228330146521e-05
,0.0,,,,302,2,30.200000762939453,1.0,0.01222486887127161
,0.0,,,,302,3,30.200000762939453,1.0,0.017173927277326584
,1.0,,,,302,4,30.200000762939453,1.0,0.9705638885498047
,0.0,,,,303,1,30.299999237060547,1.0,0.00010454204311827198
,0.0,,,,303,2,30.299999237060547,1.0,0.12980197370052338
,0.0,,,,303,3,30.299999237060547,1.0,0.14632605016231537
,1.0,,,,303,4,30.299999237060547,1.0,0.7237674593925476
,0.0,,,,304,1,30.399999618530273,1.0,0.005129978526383638
,0.0,,,,304,2,30.399999618530273,1.0,0.08257538825273514
,0.0,,,,304,3,30.399999618530273,1.0,0.18894486129283905
,1.0,,,,304,4,30.399999618530273,1.0,0.7233498096466064
,0.0,,,,305,1,30.5,1.0,0.0001284773607039824
,0.0,,,,305,2,30.5,1.0,0.03549082949757576
,0.0,,,,305,3,30.5,1.0,0.03251558169722557
,1.0,,,,305,4,30.5,1.0,0.9318651556968689
,0.0,,,,306,1,30.600000381469727,1.0,0.0007845285581424832
,0.0,,,,306,2,30.600000381469727,1.0,0.10877413302659988
,0.0,,,,306,3,30.600000381469727,1.0,0.17470869421958923
,1.0,,,,306,4,30.600000381469727,1.0,0.7157326936721802
,0.0,,,,307,1,30.700000762939453,1.0,0.0016077968757599592
,0.0,,,,307,2,30.700000762939453,1.0,0.018644163385033607
,0.0,,,,307,3,30.700000762939453,1.0,0.09237530827522278
,1.0,,,,307,4,30.700000762939453,1.0,0.8873727321624756
,0.0,,,,308,1,30.799999237060547,1.0,0.0032761278562247753
,0.0,,,,308,2,30.799999237060547,1.0,0.008776608854532242
,0.0,,,,308,3,30.799999237060547,1.0,0.07566461712121964
,1.0,,,,308,4,30.799999237060547,1.0,0.9122827053070068
,0.0,,,,309,1,30.899999618530273,1.0,0.004062958527356386
,0.0,,,,309,2,30.899999618530273,1.0,0.00818988773971796
,0.0,,,,309,3,30.899999618530273,1.0,0.023367157205939293
,1.0,,,,309,4,30.899999618530273,1.0,0.9643799662590027
,0.0,,,,310,1,31.0,1.0,0.004593286197632551
,0.0,,,,310,2,31.0,1.0,0.012513693422079086
,0.0,,,,310,3,31.0,1.0,0.01029301155358553
,1.0,,,,310,4,31.0,1.0,0.972599983215332
,0.0,,,,311,1,31.100000381469727,1.0,0.00307769188657403
,0.0,,,,311,2,31.100000381469727,1.0,0.02059113048017025
,0.0,,,,311,3,31.100000381469727,1.0,0.004660522099584341
,1.0,,,,311,4,31.100000381469727,1.0,0.9716706871986389
,0.0,,,,312,1,31.200000762939453,1.0,0.003045080229640007
,0.0,,,,312,2,31.200000762939453,1.0,0.055899836122989655
,0.0,,,,312,3,31.200000762939453,1.0,0.00663889991119504
,1.0,,,,312,4,31.200000762939453,1.0,0.9344161748886108
,0.0,,,,313,1,31.299999237060547,1.0,0.015587319619953632
,0.0,,,,313,2,31.299999237060547,1.0,0.09423766285181046
,0.0,,,,313,3,31.299999237060547,1.0,0.006867089308798313
,1.0,,,,313,4,31.299999237060547,1.0,0.8833079934120178
,0.0,,,,314,1,31.399999618530273,1.0,0.01188378594815731
,0.0,,,,314,2,31.399999618530273,1.0,0.019849734380841255
,0.0,,,,314,3,31.399999618530273,1.0,0.00862209778279066
,1.0,,,,314,4,31.399999618530273,1.0,0.9596444368362427
,0.0,,,,315,1,31.5,1.0,0.044669464230537415
,0.0,,,,315,2,31.5,1.0,0.097763791680336
,0.0,,,,315,3,31.5,1.0,0.060690876096487045
,1.0,,,,315,4,31.5,1.0,0.7968757748603821
,0.0,,,,316,1,31.600000381469727,1.0,0.22106359899044037
,0.0,,,,316,2,31.600000381469727,1.0,0.26467135548591614
,0.0,,,,316,3,31.600000381469727,1.0,0.2786926031112671
,1.0,,,,316,4,31.600000381469727,1.0,0.2355724722146988
,0.0,,,,317,1,31.700000762939453,1.0,0.2853967845439911
,0.0,,,,317,2,31.700000762939453,1.0,0.10626651346683502
,0.0,,,,317,3,31.700000762939453,1.0,0.21045447885990143
,1.0,,,,317,4,31.700000762939453,1.0,0.3978821635246277
,0.0,,,,318,1,31.799999237060547,1.0,0.050670452415943146
,0.0,,,,318,2,31.799999237060547,1.0,0.023570779711008072
,0.0,,,,318,3,31.799999237060547,1.0,0.012735482305288315
,1.0,,,,318,4,31.799999237060547,1.0,0.9130232930183411
,0.0,,,,319,1,31.899999618530273,1.0,0.16513991355895996
,0.0,,,,319,2,31.899999618530273,1.0,0.06402170658111572
,0.0,,,,319,3,31.899999618530273,1.0,0.024620505049824715
,1.0,,,,319,4,31.899999618530273,1.0,0.7462178468704224
,0.0,,,,320,1,32.0,1.0,0.03092128410935402
,0.0,,,,320,2,32.0,1.0,0.043304961174726486
,0.0,,,,320,3,32.0,1.0,0.006236767861992121
,1.0,,,,320,4,32.0,1.0,0.9195370078086853
,0.0,,,,321,1,32.099998474121094,1.0,0.16756033897399902
,0.0,,,,321,2,32.099998474121094,1.0,0.4252117872238159
,0.0,,,,321,3,32.099998474121094,1.0,0.21208778023719788
,1.0,,,,321,4,32.099998474121094,1.0,0.19514009356498718
,0.0,,,,322,1,32.20000076293945,1.0,0.0058033159002661705
,0.0,,,,322,2,32.20000076293945,1.0,0.007262347266077995
,0.0,,,,322,3,32.20000076293945,1.0,0.01720142923295498
,1.0,,,,322,4,32.20000076293945,1.0,0.969732940196991
,0.0,,,,323,1,32.29999923706055,1.0,0.19963613152503967
,0.0,,,,323,2,32.29999923706055,1.0,0.2967225909233093
,0.0,,,,323,3,32.29999923706055,1.0,0.4978427290916443
,1.0,,,,323,4,32.29999923706055,1.0,0.005798602942377329
,0.0,,,,324,1,32.400001525878906,1.0,0.23231585323810577
,0.0,,,,324,2,32.400001525878906,1.0,0.43422186374664307
,0.0,,,,324,3,32.400001525878906,1.0,0.33343786001205444
,1.0,,,,324,4,32.400001525878906,1.0,2.439217860228382e-05
,0.0,,,,325,1,32.5,1.0,0.2850736081600189
,0.0,,,,325,2,32.5,1.0,0.3820837736129761
,0.0,,,,325,3,32.5,1.0,0.3328426778316498
,1.0,,,,325,4,32.5,1.0,1.6987886652941597e-08
,0.0,,,,326,1,32.599998474121094,1.0,0.4277369976043701
,0.0,,,,326,2,32.599998474121094,1.0,0.27561628818511963
,0.0,,,,326,3,32.599998474121094,1.0,0.2966466546058655
,1.0,,,,326,4,32.599998474121094,1.0,3.5661267272502073e-09
,0.0,,,,327,1,32.70000076293945,1.0,0.35508787631988525
,0.0,,,,327,2,32.70000076293945,1.0,0.36731675267219543
,0.0,,,,327,3,32.70000076293945,1.0,0.2775954306125641
,1.0,,,,327,4,32.70000076293945,1.0,1.4488637845033736e-08
,0.0,,,,328,1,32.79999923706055,1.0,0.4050688147544861
,0.0,,,,328,2,32.79999923706055,1.0,0.3325757384300232
,0.0,,,,328,3,32.79999923706055,1.0,0.2623554468154907
,1.0,,,,328,4,32.79999923706055,1.0,2.0968734304460668e-08
,0.0,,,,329,1,32.900001525878906,1.0,0.4131549894809723
,0.0,,,,329,2,32.900001525878906,1.0,0.3093821406364441
,0.0,,,,329,3,32.900001525878906,1.0,0.27745532989501953
,1.0,,,,329,4,32.900001525878906,1.0,7.524095963162836e-06
,0.0,,,,330,1,33.0,1.0,0.5817779302597046
,0.0,,,,330,2,33.0,1.0,0.27499279379844666
,0.0,,,,330,3,33.0,1.0,0.14322932064533234
,1.0,,,,330,4,33.0,1.0,1.3289544161312894e-12
,0.0,,,,331,1,33.099998474121094,1.0,0.6268682479858398
,0.0,,,,331,2,33.099998474121094,1.0,0.2593947649002075
,0.0,,,,331,3,33.099998474121094,1.0,0.11373694241046906
,1.0,,,,331,4,33.099998474121094,1.0,4.2682803951071793e-19
,0.0,,,,332,1,33.20000076293945,1.0,0.5971177220344543
,0.0,,,,332,2,33.20000076293945,1.0,0.22601869702339172
,0.0,,,,332,3,33.20000076293945,1.0,0.17686353623867035
,1.0,,,,332,4,33.20000076293945,1.0,2.1276215720331983e-14
,0.0,,,,333,1,33.29999923706055,1.0,0.35470110177993774
,0.0,,,,333,2,33.29999923706055,1.0,0.3496711850166321
,0.0,,,,333,3,33.29999923706055,1.0,0.2956276834011078
,1.0,,,,333,4,33.29999923706055,1.0,4.8967144252796676e-18
,0.0,,,,334,1,33.400001525878906,1.0,0.4579596519470215
,0.0,,,,334,2,33.400001525878906,1.0,0.3500652611255646
,0.0,,,,334,3,33.400001525878906,1.0,0.19197511672973633
,1.0,,,,334,4,33.400001525878906,1.0,3.760787459211298e-22
,0.0,,,,335,1,33.5,1.0,0.5525569915771484
,0.0,,,,335,2,33.5,1.0,0.2166421264410019
,0.0,,,,335,3,33.5,1.0,0.23080091178417206
,1.0,,,,335,4,33.5,1.0,5.3611110640899504e-14
,0.0,,,,336,1,33.599998474121094,1.0,0.5899459719657898
,0.0,,,,336,2,33.599998474121094,1.0,0.1919926553964615
,0.0,,,,336,3,33.599998474121094,1.0,0.21806134283542633
,1.0,,,,336,4,33.599998474121094,1.0,3.941312595605632e-16
,0.0,,,,337,1,33.70000076293945,1.0,0.4199809432029724
,0.0,,,,337,2,33.70000076293945,1.0,0.2870978116989136
,0.0,,,,337,3,33.70000076293945,1.0,0.29292118549346924
,1.0,,,,337,4,33.70000076293945,1.0,6.317898977817129e-17
,0.0,,,,338,1,33.79999923706055,1.0,0.2998007833957672
,0.0,,,,338,2,33.79999923706055,1.0,0.15169306099414825
,0.0,,,,338,3,33.79999923706055,1.0,0.5485061407089233
,1.0,,,,338,4,33.79999923706055,1.0,1.3210632587856708e-08
,0.0,,,,339,1,33.900001525878906,1.0,0.34747153520584106
,0.0,,,,339,2,33.900001525878906,1.0,0.16504307091236115
,0.0,,,,339,3,33.900001525878906,1.0,0.48748522996902466
,1.0,,,,339,4,33.900001525878906,1.0,8.144620267103164e-08
,0.0,,,,340,1,34.0,1.0,0.40460002422332764
,0.0,,,,340,2,34.0,1.0,0.23183229565620422
,0.0,,,,340,3,34.0,1.0,0.36356765031814575
,1.0,,,,340,4,34.0,1.0,4.143869275496925e-12
,0.0,,,,341,1,34.099998474121094,1.0,0.43987786769866943
,0.0,,,,341,2,34.099998474121094,1.0,0.3089359998703003
,0.0,,,,341,3,34.099998474121094,1.0,0.25118616223335266
,1.0,,,,341,4,34.099998474121094,1.0,5.793265715238471e-13
,0.0,,,,342,1,34.20000076293945,1.0,0.18297415971755981
,0.0,,,,342,2,34.20000076293945,1.0,0.6391202211380005
,0.0,,,,342,3,34.20000076293945,1.0,0.17790566384792328
,1.0,,,,342,4,34.20000076293945,1.0,5.423454353957004e-18
,0.0,,,,343,1,34.29999923706055,1.0,0.16227582097053528
,0.0,,,,343,2,34.29999923706055,1.0,0.6675126552581787
,0.0,,,,343,3,34.29999923706055,1.0,0.1702115833759308
,1.0,,,,343,4,34.29999923706055,1.0,2.6039189279803987e-21
,0.0,,,,344,1,34.400001525878906,1.0,0.12416774034500122
,0.0,,,,344,2,34.400001525878906,1.0,0.7154852151870728
,0.0,,,,344,3,34.400001525878906,1.0,0.16034699976444244
,1.0,,,,344,4,34.400001525878906,1.0,2.6113997811415873e-24
,0.0,,,,345,1,34.5,1.0,0.12495653331279755
,0.0,,,,345,2,34.5,1.0,0.7256223559379578
,0.0,,,,345,3,34.5,1.0,0.1494210958480835
,1.0,,,,345,4,34.5,1.0,7.826398446238881e-21
,0.0,,,,346,1,34.599998474121094,1.0,0.09777165949344635
,0.0,,,,346,2,34.599998474121094,1.0,0.7534920573234558
,0.0,,,,346,3,34.599998474121094,1.0,0.14873632788658142
,1.0,,,,346,4,34.599998474121094,1.0,2.2745047341916543e-19
,0.0,,,,347,1,34.70000076293945,1.0,0.11184418201446533
,0.0,,,,347,2,34.70000076293945,1.0,0.7286927700042725
,0.0,,,,347,3,34.70000076293945,1.0,0.1594630926847458
,1.0,,,,347,4,34.70000076293945,1.0,4.861322882386127e-19
,0.0,,,,348,1,34.79999923706055,1.0,0.11611709743738174
,0.0,,,,348,2,34.79999923706055,1.0,0.7686448693275452
,0.0,,,,348,3,34.79999923706055,1.0,0.11523807793855667
,1.0,,,,348,4,34.79999923706055,1.0,2.4293839310473274e-16
,0.0,,,,349,1,34.900001525878906,1.0,0.0757770985364914
,0.0,,,,349,2,34.900001525878906,1.0,0.8274089694023132
,0.0,,,,349,3,34.900001525878906,1.0,0.09681396931409836
,1.0,,,,349,4,34.900001525878906,1.0,5.524881593887976e-11
,0.0,,,,350,1,35.0,1.0,0.07892036437988281
,0.0,,,,350,2,35.0,1.0,0.7675622701644897
,0.0,,,,350,3,35.0,1.0,0.15351742506027222
,1.0,,,,350,4,35.0,1.0,1.2444464125849208e-08
,0.0,,,,351,1,35.099998474121094,1.0,0.15102499723434448
,0.0,,,,351,2,35.099998474121094,1.0,0.685212254524231
,0.0,,,,351,3,35.099998474121094,1.0,0.1631624549627304
,1.0,,,,351,4,35.099998474121094,1.0,0.0006003092275932431
,0.0,,,,352,1,35.20000076293945,1.0,0.18176008760929108
,0.0,,,,352,2,35.20000076293945,1.0,0.5600228309631348
,0.0,,,,352,3,35.20000076293945,1.0,0.25821495056152344
,1.0,,,,352,4,35.20000076293945,1.0,2.070643176921294e-06
,0.0,,,,353,1,35.29999923706055,1.0,0.3025285005569458
,0.0,,,,353,2,35.29999923706055,1.0,0.3644404709339142
,0.0,,,,353,3,35.29999923706055,1.0,0.327635794878006
,1.0,,,,353,4,35.29999923706055,1.0,0.005395247135311365
,0.0,,,,354,1,35.400001525878906,1.0,0.2089671492576599
,0.0,,,,354,2,35.400001525878906,1.0,0.486404687166214
,0.0,,,,354,3,35.400001525878906,1.0,0.23602965474128723
,1.0,,,,354,4,35.400001525878906,1.0,0.06859847158193588
,0.0,,,,355,1,35.5,1.0,0.1405787318944931
,0.0,,,,355,2,35.5,1.0,0.45386984944343567
,0.0,,,,355,3,35.5,1.0,0.40438300371170044
,1.0,,,,355,4,35.5,1.0,0.0011683128541335464
,0.0,,,,356,1,35.599998474121094,1.0,0.10684988647699356
,0.0,,,,356,2,35.599998474121094,1.0,0.4048193395137787
,0.0,,,,356,3,35.599998474121094,1.0,0.48832768201828003
,1.0,,,,356,4,35.599998474121094,1.0,3.1104991649044678e-06
,0.0,,,,357,1,35.70000076293945,1.0,0.03312394767999649
,0.0,,,,357,2,35.70000076293945,1.0,0.6796570420265198
,0.0,,,,357,3,35.70000076293945,1.0,0.28721898794174194
,1.0,,,,357,4,35.70000076293945,1.0,8.631948134052436e-08
,0.0,,,,358,1,35.79999923706055,1.0,0.05833055078983307
,0.0,,,,358,2,35.79999923706055,1.0,0.7014437317848206
,0.0,,,,358,3,35.79999923706055,1.0,0.24021057784557343
,1.0,,,,358,4,35.79999923706055,1.0,1.5071926100063138e-05
,0.0,,,,359,1,35.900001525878906,1.0,0.1602582484483719
,0.0,,,,359,2,35.900001525878906,1.0,0.6026526689529419
,0.0,,,,359,3,35.900001525878906,1.0,0.23498167097568512
,1.0,,,,359,4,35.900001525878906,1.0,0.0021075012627989054
,0.0,,,,360,1,36.0,1.0,0.1310148388147354
,0.0,,,,360,2,36.0,1.0,0.6204661726951599
,0.0,,,,360,3,36.0,1.0,0.24837221205234528
,1.0,,,,360,4,36.0,1.0,0.00014665052003692836
,0.0,,,,361,1,36.099998474121094,1.0,0.06829246133565903
,0.0,,,,361,2,36.099998474121094,1.0,0.6951708197593689
,0.0,,,,361,3,36.099998474121094,1.0,0.21618685126304626
,1.0,,,,361,4,36.099998474121094,1.0,0.020349889993667603
,0.0,,,,362,1,36.20000076293945,1.0,0.07903340458869934
,0.0,,,,362,2,36.20000076293945,1.0,0.7056434750556946
,0.0,,,,362,3,36.20000076293945,1.0,0.17415934801101685
,1.0,,,,362,4,36.20000076293945,1.0,0.04116372391581535
,0.0,,,,363,1,36.29999923706055,1.0,0.07886720448732376
,0.0,,,,363,2,36.29999923706055,1.0,0.68117356300354
,0.0,,,,363,3,36.29999923706055,1.0,0.15625375509262085
,1.0,,,,363,4,36.29999923706055,1.0,0.08370555192232132
,0.0,,,,364,1,36.400001525878906,1.0,0.15996059775352478
,0.0,,,,364,2,36.400001525878906,1.0,0.5547083616256714
,0.0,,,,364,3,36.400001525878906,1.0,0.21086183190345764
,1.0,,,,364,4,36.400001525878906,1.0,0.07446921616792679
,0.0,,,,365,1,36.5,1.0,0.18439991772174835
,0.0,,,,365,2,36.5,1.0,0.5067263841629028
,0.0,,,,365,3,36.5,1.0,0.22251704335212708
,1.0,,,,365,4,36.5,1.0,0.08635663986206055
,0.0,,,,366,1,36.599998474121094,1.0,0.13165172934532166
,0.0,,,,366,2,36.599998474121094,1.0,0.5742824673652649
,0.0,,,,366,3,36.599998474121094,1.0,0.1471395343542099
,1.0,,,,366,4,36.599998474121094,1.0,0.1469263732433319
,0.0,,,,367,1,36.70000076293945,1.0,0.24249878525733948
,0.0,,,,367,2,36.70000076293945,1.0,0.4819868505001068
,0.0,,,,367,3,36.70000076293945,1.0,0.22321975231170654
,1.0,,,,367,4,36.70000076293945,1.0,0.05229460820555687
,0.0,,,,368,1,36.79999923706055,1.0,0.16872495412826538
,0.0,,,,368,2,36.79999923706055,1.0,0.3897436261177063
,0.0,,,,368,3,36.79999923706055,1.0,0.32098594307899475
,1.0,,,,368,4,36.79999923706055,1.0,0.12054549902677536
,0.0,,,,369,1,36.900001525878906,1.0,0.11494114249944687
,0.0,,,,369,2,36.900001525878906,1.0,0.589645504951477
,0.0,,,,369,3,36.900001525878906,1.0,0.26326754689216614
,1.0,,,,369,4,36.900001525878906,1.0,0.03214576840400696
,0.0,,,,370,1,37.0,1.0,0.0779559314250946
,0.0,,,,370,2,37.0,1.0,0.6081392765045166
,0.0,,,,370,3,37.0,1.0,0.31360262632369995
,1.0,,,,370,4,37.0,1.0,0.00030213058926165104
,0.0,,,,371,1,37.099998474121094,1.0,0.12061840295791626
,0.0,,,,371,2,37.099998474121094,1.0,0.5383681058883667
,0.0,,,,371,3,37.099998474121094,1.0,0.33494412899017334
,1.0,,,,371,4,37.099998474121094,1.0,0.006069445516914129
,0.0,,,,372,1,37.20000076293945,1.0,0.2451522797346115
,0.0,,,,372,2,37.20000076293945,1.0,0.4395860433578491
,0.0,,,,372,3,37.20000076293945,1.0,0.3115515112876892
,1.0,,,,372,4,37.20000076293945,1.0,0.0037102489732205868
,0.0,,,,373,1,37.29999923706055,1.0,0.22722752392292023
,0.0,,,,373,2,37.29999923706055,1.0,0.4607735872268677
,0.0,,,,373,3,37.29999923706055,1.0,0.19302508234977722
,1.0,,,,373,4,37.29999923706055,1.0,0.1189737543463707
,0.0,,,,374,1,37.400001525878906,1.0,0.19199281930923462
,0.0,,,,374,2,37.400001525878906,1.0,0.39687594771385193
,0.0,,,,374,3,37.400001525878906,1.0,0.36826762557029724
,1.0,,,,374,4,37.400001525878906,1.0,0.04286358132958412
,0.0,,,,375,1,37.5,1.0,0.26603248715400696
,0.0,,,,375,2,37.5,1.0,0.33086055517196655
,0.0,,,,375,3,37.5,1.0,0.4014454483985901
,1.0,,,,375,4,37.5,1.0,0.001661475282162428
,0.0,,,,376,1,37.599998474121094,1.0,0.18411695957183838
,0.0,,,,376,2,37.599998474121094,1.0,0.3641822338104248
,0.0,,,,376,3,37.599998474121094,1.0,0.4516994059085846
,1.0,,,,376,4,37.599998474121094,1.0,1.3501580724550877e-06
,0.0,,,,377,1,37.70000076293945,1.0,0.16939468681812286
,0.0,,,,377,2,37.70000076293945,1.0,0.3502799868583679
,0.0,,,,377,3,37.70000076293945,1.0,0.48031994700431824
,1.0,,,,377,4,37.70000076293945,1.0,5.40929613634944e-06
,0.0,,,,378,1,37.79999923706055,1.0,0.23068614304065704
,0.0,,,,378,2,37.79999923706055,1.0,0.35718467831611633
,0.0,,,,378,3,37.79999923706055,1.0,0.4114057123661041
,1.0,,,,378,4,37.79999923706055,1.0,0.0007233478827401996
,0.0,,,,379,1,37.900001525878906,1.0,0.3244161605834961
,0.0,,,,379,2,37.900001525878906,1.0,0.36243736743927
,0.0,,,,379,3,37.900001525878906,1.0,0.312154620885849
,1.0,,,,379,4,37.900001525878906,1.0,0.0009918384021148086
,0.0,,,,380,1,38.0,1.0,0.18578219413757324
,0.0,,,,380,2,38.0,1.0,0.33943480253219604
,0.0,,,,380,3,38.0,1.0,0.4747735559940338
,1.0,,,,380,4,38.0,1.0,9.398458132636733e-06
,0.0,,,,381,1,38.099998474121094,1.0,0.1581353098154068
,0.0,,,,381,2,38.099998474121094,1.0,0.36809101700782776
,0.0,,,,381,3,38.099998474121094,1.0,0.4737718403339386
,1.0,,,,381,4,38.099998474121094,1.0,1.8069565612677252e-06
,0.0,,,,382,1,38.20000076293945,1.0,0.2265843152999878
,0.0,,,,382,2,38.20000076293945,1.0,0.38295313715934753
,0.0,,,,382,3,38.20000076293945,1.0,0.39043471217155457
,1.0,,,,382,4,38.20000076293945,1.0,2.7852433049702086e-05
,0.0,,,,383,1,38.29999923706055,1.0,0.23979346454143524
,0.0,,,,383,2,38.29999923706055,1.0,0.4243391156196594
,0.0,,,,383,3,38.29999923706055,1.0,0.33505555987358093
,1.0,,,,383,4,38.29999923706055,1.0,0.0008118875557556748
,0.0,,,,384,1,38.400001525878906,1.0,0.27959421277046204
,0.0,,,,384,2,38.400001525878906,1.0,0.4523535966873169
,0.0,,,,384,3,38.400001525878906,1.0,0.2678021490573883
,1.0,,,,384,4,38.400001525878906,1.0,0.00025001034373417497
,0.0,,,,385,1,38.5,1.0,0.32465097308158875
,0.0,,,,385,2,38.5,1.0,0.4342007040977478
,0.0,,,,385,3,38.5,1.0,0.22041521966457367
,1.0,,,,385,4,38.5,1.0,0.02073303423821926
,0.0,,,,386,1,38.599998474121094,1.0,0.36636659502983093
,0.0,,,,386,2,38.599998474121094,1.0,0.37177279591560364
,0.0,,,,386,3,38.599998474121094,1.0,0.22804521024227142
,1.0,,,,386,4,38.599998474121094,1.0,0.033815305680036545
,0.0,,,,387,1,38.70000076293945,1.0,0.3201608657836914
,0.0,,,,387,2,38.70000076293945,1.0,0.38174089789390564
,0.0,,,,387,3,38.70000076293945,1.0,0.288166344165802
,1.0,,,,387,4,38.70000076293945,1.0,0.009931934997439384
,0.0,,,,388,1,38.79999923706055,1.0,0.3243294060230255
,0.0,,,,388,2,38.79999923706055,1.0,0.3321017026901245
,0.0,,,,388,3,38.79999923706055,1.0,0.33686861395835876
,1.0,,,,388,4,38.79999923706055,1.0,0.006700294557958841
,0.0,,,,389,1,38.900001525878906,1.0,0.33783677220344543
,0.0,,,,389,2,38.900001525878906,1.0,0.3457428216934204
,0.0,,,,389,3,38.900001525878906,1.0,0.31112536787986755
,1.0,,,,389,4,38.900001525878906,1.0,0.005295040551573038
,0.0,,,,390,1,39.0,1.0,0.34027549624443054
,0.0,,,,390,2,39.0,1.0,0.33233723044395447
,0.0,,,,390,3,39.0,1.0,0.30752119421958923
,1.0,,,,390,4,39.0,1.0,0.019866036251187325
,0.0,,,,391,1,39.099998474121094,1.0,0.30930379033088684
,0.0,,,,391,2,39.099998474121094,1.0,0.43297213315963745
,0.0,,,,391,3,39.099998474121094,1.0,0.21710830926895142
,1.0,,,,391,4,39.099998474121094,1.0,0.04061580449342728
,0.0,,,,392,1,39.20000076293945,1.0,0.3614528477191925
,0.0,,,,392,2,39.20000076293945,1.0,0.42864683270454407
,0.0,,,,392,3,39.20000076293945,1.0,0.18017873167991638
,1.0,,,,392,4,39.20000076293945,1.0,0.029721515253186226
,0.0,,,,393,1,39.29999923706055,1.0,0.4558398723602295
,0.0,,,,393,2,39.29999923706055,1.0,0.3562021851539612
,0.0,,,,393,3,39.29999923706055,1.0,0.16772739589214325
,1.0,,,,393,4,39.29999923706055,1.0,0.020230615511536598
,0.0,,,,394,1,39.400001525878906,1.0,0.474465548992157
,0.0,,,,394,2,39.400001525878906,1.0,0.30958977341651917
,0.0,,,,394,3,39.400001525878906,1.0,0.19433440268039703
,1.0,,,,394,4,39.400001525878906,1.0,0.021610282361507416
,0.0,,,,395,1,39.5,1.0,0.41497889161109924
,0.0,,,,395,2,39.5,1.0,0.3806259334087372
,0.0,,,,395,3,39.5,1.0,0.20363803207874298
,1.0,,,,395,4,39.5,1.0,0.0007571573951281607
,0.0,,,,396,1,39.599998474121094,1.0,0.2511560916900635
,0.0,,,,396,2,39.599998474121094,1.0,0.4612776041030884
,0.0,,,,396,3,39.599998474121094,1.0,0.2875259816646576
,1.0,,,,396,4,39.599998474121094,1.0,4.040429485030472e-05
,0.0,,,,397,1,39.70000076293945,1.0,0.25983351469039917
,0.0,,,,397,2,39.70000076293945,1.0,0.4057924747467041
,0.0,,,,397,3,39.70000076293945,1.0,0.3343310058116913
,1.0,,,,397,4,39.70000076293945,1.0,4.304627509554848e-05
,0.0,,,,398,1,39.79999923706055,1.0,0.3148307800292969
,0.0,,,,398,2,39.79999923706055,1.0,0.3753226399421692
,0.0,,,,398,3,39.79999923706055,1.0,0.3097606599330902
,1.0,,,,398,4,39.79999923706055,1.0,8.593431994086131e-05
,0.0,,,,399,1,39.900001525878906,1.0,0.36779356002807617
,0.0,,,,399,2,39.900001525878906,1.0,0.31843969225883484
,0.0,,,,399,3,39.900001525878906,1.0,0.29916465282440186
,1.0,,,,399,4,39.900001525878906,1.0,0.014602210372686386
,0.0,,,,400,1,40.0,1.0,0.32351216673851013
,0.0,,,,400,2,40.0,1.0,0.34581974148750305
,0.0,,,,400,3,40.0,1.0,0.32168105244636536
,1.0,,,,400,4,40.0,1.0,0.008987066335976124
,0.0,,,,401,1,40.099998474121094,1.0,0.45919233560562134
,0.0,,,,401,2,40.099998474121094,1.0,0.20059096813201904
,0.0,,,,401,3,40.099998474121094,1.0,0.3052399456501007
,1.0,,,,401,4,40.099998474121094,1.0,0.03497682884335518
,0.0,,,,402,1,40.20000076293945,1.0,0.3712707757949829
,0.0,,,,402,2,40.20000076293945,1.0,0.35872960090637207
,0.0,,,,402,3,40.20000076293945,1.0,0.2400142103433609
,1.0,,,,402,4,40.20000076293945,1.0,0.029985427856445312
,0.0,,,,403,1,40.29999923706055,1.0,0.2607681453227997
,0.0,,,,403,2,40.29999923706055,1.0,0.4072023928165436
,0.0,,,,403,3,40.29999923706055,1.0,0.32216784358024597
,1.0,,,,403,4,40.29999923706055,1.0,0.00986164528876543
,0.0,,,,404,1,40.400001525878906,1.0,0.38454678654670715
,0.0,,,,404,2,40.400001525878906,1.0,0.2992660701274872
,0.0,,,,404,3,40.400001525878906,1.0,0.30561357736587524
,1.0,,,,404,4,40.400001525878906,1.0,0.010573528707027435
,0.0,,,,405,1,40.5,1.0,0.5291588306427002
,0.0,,,,405,2,40.5,1.0,0.2545740008354187
,0.0,,,,405,3,40.5,1.0,0.21253257989883423
,1.0,,,,405,4,40.5,1.0,0.0037345583550632
,0.0,,,,406,1,40.599998474121094,1.0,0.3874853253364563
,0.0,,,,406,2,40.599998474121094,1.0,0.32659173011779785
,0.0,,,,406,3,40.599998474121094,1.0,0.27846136689186096
,1.0,,,,406,4,40.599998474121094,1.0,0.007461563218384981
,0.0,,,,407,1,40.70000076293945,1.0,0.3704572319984436
,0.0,,,,407,2,40.70000076293945,1.0,0.4073988199234009
,0.0,,,,407,3,40.70000076293945,1.0,0.21213114261627197
,1.0,,,,407,4,40.70000076293945,1.0,0.010012757033109665
,0.0,,,,408,1,40.79999923706055,1.0,0.376350462436676
,0.0,,,,408,2,40.79999923706055,1.0,0.47246357798576355
,0.0,,,,408,3,40.79999923706055,1.0,0.14216482639312744
,1.0,,,,408,4,40.79999923706055,1.0,0.009021076373755932
,0.0,,,,409,1,40.900001525878906,1.0,0.45780298113822937
,0.0,,,,409,2,40.900001525878906,1.0,0.3273867666721344
,0.0,,,,409,3,40.900001525878906,1.0,0.20560936629772186
,1.0,,,,409,4,40.900001525878906,1.0,0.009200784377753735
,0.0,,,,410,1,41.0,1.0,0.3516828715801239
,0.0,,,,410,2,41.0,1.0,0.4447079002857208
,0.0,,,,410,3,41.0,1.0,0.18855993449687958
,1.0,,,,410,4,41.0,1.0,0.015049195848405361
,0.0,,,,411,1,41.099998474121094,1.0,0.3078676164150238
,0.0,,,,411,2,41.099998474121094,1.0,0.509640634059906
,0.0,,,,411,3,41.099998474121094,1.0,0.16924414038658142
,1.0,,,,411,4,41.099998474121094,1.0,0.01324763149023056
,0.0,,,,412,1,41.20000076293945,1.0,0.19095560908317566
,0.0,,,,412,2,41.20000076293945,1.0,0.6402097940444946
,0.0,,,,412,3,41.20000076293945,1.0,0.16702526807785034
,1.0,,,,412,4,41.20000076293945,1.0,0.0018093783874064684
,0.0,,,,413,1,41.29999923706055,1.0,0.2659209072589874
,0.0,,,,413,2,41.29999923706055,1.0,0.5991842746734619
,0.0,,,,413,3,41.29999923706055,1.0,0.13481870293617249
,1.0,,,,413,4,41.29999923706055,1.0,7.615581853315234e-05
,0.0,,,,414,1,41.400001525878906,1.0,0.21180662512779236
,0.0,,,,414,2,41.400001525878906,1.0,0.6589836478233337
,0.0,,,,414,3,41.400001525878906,1.0,0.1291452795267105
,1.0,,,,414,4,41.400001525878906,1.0,6.44031388219446e-05
,0.0,,,,415,1,41.5,1.0,0.13849356770515442
,0.0,,,,415,2,41.5,1.0,0.6302863359451294
,0.0,,,,415,3,41.5,1.0,0.23118755221366882
,1.0,,,,415,4,41.5,1.0,3.254842522437684e-05
,0.0,,,,416,1,41.599998474121094,1.0,0.10638165473937988
,0.0,,,,416,2,41.599998474121094,1.0,0.5684414505958557
,0.0,,,,416,3,41.599998474121094,1.0,0.32514098286628723
,1.0,,,,416,4,41.599998474121094,1.0,3.598755210987292e-05
,0.0,,,,417,1,41.70000076293945,1.0,0.1268400102853775
,0.0,,,,417,2,41.70000076293945,1.0,0.5155803561210632
,0.0,,,,417,3,41.70000076293945,1.0,0.35756009817123413
,1.0,,,,417,4,41.70000076293945,1.0,1.9519380657584406e-05
,0.0,,,,418,1,41.79999923706055,1.0,0.2566103935241699
,0.0,,,,418,2,41.79999923706055,1.0,0.33522993326187134
,0.0,,,,418,3,41.79999923706055,1.0,0.4073183536529541
,1.0,,,,418,4,41.79999923706055,1.0,0.0008413693867623806
,0.0,,,,419,1,41.900001525878906,1.0,0.18353627622127533
,0.0,,,,419,2,41.900001525878906,1.0,0.5649908781051636
,0.0,,,,419,3,41.900001525878906,1.0,0.24967098236083984
,1.0,,,,419,4,41.900001525878906,1.0,0.0018018539994955063
,0.0,,,,420,1,42.0,1.0,0.1591789722442627
,0.0,,,,420,2,42.0,1.0,0.520317554473877
,0.0,,,,420,3,42.0,1.0,0.3204042911529541
,1.0,,,,420,4,42.0,1.0,9.916980343405157e-05
,0.0,,,,421,1,42.099998474121094,1.0,0.19975179433822632
,0.0,,,,421,2,42.099998474121094,1.0,0.4177725613117218
,0.0,,,,421,3,42.099998474121094,1.0,0.3824611008167267
,1.0,,,,421,4,42.099998474121094,1.0,1.4668971743958537e-05
,0.0,,,,422,1,42.20000076293945,1.0,0.27723750472068787
,0.0,,,,422,2,42.20000076293945,1.0,0.33614659309387207
,0.0,,,,422,3,42.20000076293945,1.0,0.3865807354450226
,1.0,,,,422,4,42.20000076293945,1.0,3.5127679439028725e-05
,0.0,,,,423,1,42.29999923706055,1.0,0.3164497911930084
,0.0,,,,423,2,42.29999923706055,1.0,0.28184953331947327
,0.0,,,,423,3,42.29999923706055,1.0,0.40168458223342896
,1.0,,,,423,4,42.29999923706055,1.0,1.6127043636515737e-05
,0.0,,,,424,1,42.400001525878906,1.0,0.2800852656364441
,0.0,,,,424,2,42.400001525878906,1.0,0.3153098225593567
,0.0,,,,424,3,42.400001525878906,1.0,0.40460026264190674
,1.0,,,,424,4,42.400001525878906,1.0,4.639372491510585e-06
,0.0,,,,425,1,42.5,1.0,0.16055932641029358
,0.0,,,,425,2,42.5,1.0,0.16356876492500305
,0.0,,,,425,3,42.5,1.0,0.675871729850769
,1.0,,,,425,4,42.5,1.0,1.3123840858497715e-07
,0.0,,,,426,1,42.599998474121094,1.0,0.3041718006134033
,0.0,,,,426,2,42.599998474121094,1.0,0.16129933297634125
,0.0,,,,426,3,42.599998474121094,1.0,0.534355640411377
,1.0,,,,426,4,42.599998474121094,1.0,0.0001731681841192767
,0.0,,,,427,1,42.70000076293945,1.0,0.23375287652015686
,0.0,,,,427,2,42.70000076293945,1.0,0.12465773522853851
,0.0,,,,427,3,42.70000076293945,1.0,0.6401821374893188
,1.0,,,,427,4,42.70000076293945,1.0,0.001407247269526124
,0.0,,,,428,1,42.79999923706055,1.0,0.17108005285263062
,0.0,,,,428,2,42.79999923706055,1.0,0.18609142303466797
,0.0,,,,428,3,42.79999923706055,1.0,0.6428256630897522
,1.0,,,,428,4,42.79999923706055,1.0,2.8071976885257754e-06
,0.0,,,,429,1,42.900001525878906,1.0,0.08670906722545624
,0.0,,,,429,2,42.900001525878906,1.0,0.07874887436628342
,0.0,,,,429,3,42.900001525878906,1.0,0.8345416188240051
,1.0,,,,429,4,42.900001525878906,1.0,3.752533359602239e-07
,0.0,,,,430,1,43.0,1.0,0.21119427680969238
,0.0,,,,430,2,43.0,1.0,0.11718646436929703
,0.0,,,,430,3,43.0,1.0,0.6716017723083496
,1.0,,,,430,4,43.0,1.0,1.749469811329618e-05
,0.0,,,,431,1,43.099998474121094,1.0,0.04608308896422386
,0.0,,,,431,2,43.099998474121094,1.0,0.12263605743646622
,0.0,,,,431,3,43.099998474121094,1.0,0.8309314846992493
,1.0,,,,431,4,43.099998474121094,1.0,0.0003494037373457104
,0.0,,,,432,1,43.20000076293945,1.0,0.014204240404069424
,0.0,,,,432,2,43.20000076293945,1.0,0.20438127219676971
,0.0,,,,432,3,43.20000076293945,1.0,0.7560993432998657
,1.0,,,,432,4,43.20000076293945,1.0,0.02531503327190876
,0.0,,,,433,1,43.29999923706055,1.0,0.00026517320657148957
,0.0,,,,433,2,43.29999923706055,1.0,0.0028608161956071854
,0.0,,,,433,3,43.29999923706055,1.0,0.047920648008584976
,1.0,,,,433,4,43.29999923706055,1.0,0.9489533305168152
,0.0,,,,434,1,43.400001525878906,1.0,0.00015815458027645946
,0.0,,,,434,2,43.400001525878906,1.0,0.000289611954940483
,0.0,,,,434,3,43.400001525878906,1.0,0.05026765167713165
,1.0,,,,434,4,43.400001525878906,1.0,0.9492846131324768
,0.0,,,,435,1,43.5,1.0,0.00046571140410378575
,0.0,,,,435,2,43.5,1.0,0.0004251056525390595
,0.0,,,,435,3,43.5,1.0,0.15453575551509857
,1.0,,,,435,4,43.5,1.0,0.844573438167572
,0.0,,,,436,1,43.599998474121094,1.0,0.004352419171482325
,0.0,,,,436,2,43.599998474121094,1.0,0.006505304481834173
,0.0,,,,436,3,43.599998474121094,1.0,0.9583724141120911
,1.0,,,,436,4,43.599998474121094,1.0,0.0307698342949152
,0.0,,,,437,1,43.70000076293945,1.0,0.00017995310190599412
,0.0,,,,437,2,43.70000076293945,1.0,0.001807733322493732
,0.0,,,,437,3,43.70000076293945,1.0,0.500940203666687
,1.0,,,,437,4,43.70000076293945,1.0,0.4970721900463104
,0.0,,,,438,1,43.79999923706055,1.0,7.585140792798484e-06
,0.0,,,,438,2,43.79999923706055,1.0,0.0022618393413722515
,0.0,,,,438,3,43.79999923706055,1.0,0.37279483675956726
,1.0,,,,438,4,43.79999923706055,1.0,0.6249357461929321
,0.0,,,,439,1,43.900001525878906,1.0,5.04080526297912e-06
,0.0,,,,439,2,43.900001525878906,1.0,0.0013943951344117522
,0.0,,,,439,3,43.900001525878906,1.0,0.17547056078910828
,1.0,,,,439,4,43.900001525878906,1.0,0.8231299519538879
,0.0,,,,440,1,44.0,1.0,5.4677061598340515e-06
,0.0,,,,440,2,44.0,1.0,0.001346828998066485
,0.0,,,,440,3,44.0,1.0,0.16384102404117584
,1.0,,,,440,4,44.0,1.0,0.8348066210746765
,0.0,,,,441,1,44.099998474121094,1.0,2.593083991087042e-06
,0.0,,,,441,2,44.099998474121094,1.0,0.0010194344213232398
,0.0,,,,441,3,44.099998474121094,1.0,0.11846789717674255
,1.0,,,,441,4,44.099998474121094,1.0,0.8805100917816162
,0.0,,,,442,1,44.20000076293945,1.0,2.0030225641676225e-05
,0.0,,,,442,2,44.20000076293945,1.0,0.04698000103235245
,0.0,,,,442,3,44.20000076293945,1.0,0.5144141912460327
,1.0,,,,442,4,44.20000076293945,1.0,0.4385857582092285
,0.0,,,,443,1,44.29999923706055,1.0,0.0001750664523569867
,0.0,,,,443,2,44.29999923706055,1.0,0.0597083680331707
,0.0,,,,443,3,44.29999923706055,1.0,0.9395025968551636
,1.0,,,,443,4,44.29999923706055,1.0,0.0006139157339930534
,0.0,,,,444,1,44.400001525878906,1.0,8.590884681325406e-05
,0.0,,,,444,2,44.400001525878906,1.0,0.07274498045444489
,0.0,,,,444,3,44.400001525878906,1.0,0.9084711074829102
,1.0,,,,444,4,44.400001525878906,1.0,0.01869799941778183
,0.0,,,,445,1,44.5,1.0,0.0009037012932822108
,0.0,,,,445,2,44.5,1.0,0.02630746178328991
,0.0,,,,445,3,44.5,1.0,0.9474769830703735
,1.0,,,,445,4,44.5,1.0,0.025311898440122604
,0.0,,,,446,1,44.599998474121094,1.0,0.00955236330628395
,0.0,,,,446,2,44.599998474121094,1.0,0.022745104506611824
,0.0,,,,446,3,44.599998474121094,1.0,0.9673530459403992
,1.0,,,,446,4,44.599998474121094,1.0,0.0003495118871796876
,0.0,,,,447,1,44.70000076293945,1.0,0.010177799500524998
,0.0,,,,447,2,44.70000076293945,1.0,0.016968442127108574
,0.0,,,,447,3,44.70000076293945,1.0,0.949030876159668
,1.0,,,,447,4,44.70000076293945,1.0,0.023822959512472153
,0.0,,,,448,1,44.79999923706055,1.0,0.00386799406260252
,0.0,,,,448,2,44.79999923706055,1.0,0.019083870574831963
,0.0,,,,448,3,44.79999923706055,1.0,0.8104830980300903
,1.0,,,,448,4,44.79999923706055,1.0,0.16656500101089478
,0.0,,,,449,1,44.900001525878906,1.0,0.0036554469261318445
,0.0,,,,449,2,44.900001525878906,1.0,0.016082633286714554
,0.0,,,,449,3,44.900001525878906,1.0,0.8351784348487854
,1.0,,,,449,4,44.900001525878906,1.0,0.14508354663848877
,0.0,,,,450,1,45.0,1.0,1.4823664969298989e-05
,0.0,,,,450,2,45.0,1.0,0.002349002519622445
,0.0,,,,450,3,45.0,1.0,0.11269187927246094
,1.0,,,,450,4,45.0,1.0,0.8849442601203918
,0.0,,,,451,1,45.099998474121094,1.0,0.00015628697292413563
,0.0,,,,451,2,45.099998474121094,1.0,0.021121904253959656
,0.0,,,,451,3,45.099998474121094,1.0,0.9288087487220764
,1.0,,,,451,4,45.099998474121094,1.0,0.049912963062524796
,0.0,,,,452,1,45.20000076293945,1.0,0.0001631959166843444
,0.0,,,,452,2,45.20000076293945,1.0,0.01466724555939436
,0.0,,,,452,3,45.20000076293945,1.0,0.9743629097938538
,1.0,,,,452,4,45.20000076293945,1.0,0.010806701146066189
,0.0,,,,453,1,45.29999923706055,1.0,5.607453567790799e-05
,0.0,,,,453,2,45.29999923706055,1.0,0.0009065450867637992
,0.0,,,,453,3,45.29999923706055,1.0,0.9880226850509644
,1.0,,,,453,4,45.29999923706055,1.0,0.011014697141945362
,0.0,,,,454,1,45.400001525878906,1.0,1.7550441043567844e-05
,0.0,,,,454,2,45.400001525878906,1.0,0.0013626766158267856
,0.0,,,,454,3,45.400001525878906,1.0,0.9720994830131531
,1.0,,,,454,4,45.400001525878906,1.0,0.02652030996978283
,0.0,,,,455,1,45.5,1.0,0.00011823430395452306
,0.0,,,,455,2,45.5,1.0,0.013065708801150322
,0.0,,,,455,3,45.5,1.0,0.9793615937232971
,1.0,,,,455,4,45.5,1.0,0.007454392034560442
,0.0,,,,456,1,45.599998474121094,1.0,0.00015269774303305894
,0.0,,,,456,2,45.599998474121094,1.0,0.0492655448615551
,0.0,,,,456,3,45.599998474121094,1.0,0.9496005773544312
,1.0,,,,456,4,45.599998474121094,1.0,0.0009812051430344582
,0.0,,,,457,1,45.70000076293945,1.0,0.0010239375988021493
,0.0,,,,457,2,45.70000076293945,1.0,0.24363866448402405
,0.0,,,,457,3,45.70000076293945,1.0,0.7009800672531128
,1.0,,,,457,4,45.70000076293945,1.0,0.05435732752084732
,0.0,,,,458,1,45.79999923706055,1.0,0.001485622487962246
,0.0,,,,458,2,45.79999923706055,1.0,0.23459145426750183
,0.0,,,,458,3,45.79999923706055,1.0,0.7240825891494751
,1.0,,,,458,4,45.79999923706055,1.0,0.03984038531780243
,0.0,,,,459,1,45.900001525878906,1.0,0.0006704250117763877
,0.0,,,,459,2,45.900001525878906,1.0,0.4415603280067444
,0.0,,,,459,3,45.900001525878906,1.0,0.5565346479415894
,1.0,,,,459,4,45.900001525878906,1.0,0.0012345121940597892
,0.0,,,,460,1,46.0,1.0,0.0004459117481019348
,0.0,,,,460,2,46.0,1.0,0.9732826352119446
,0.0,,,,460,3,46.0,1.0,0.025585688650608063
,1.0,,,,460,4,46.0,1.0,0.0006858632550574839
,0.0,,,,461,1,46.099998474121094,1.0,0.016745049506425858
,0.0,,,,461,2,46.099998474121094,1.0,0.7680442333221436
,0.0,,,,461,3,46.099998474121094,1.0,0.21508873999118805
,1.0,,,,461,4,46.099998474121094,1.0,0.00012200279888929799
,0.0,,,,462,1,46.20000076293945,1.0,0.0035094935446977615
,0.0,,,,462,2,46.20000076293945,1.0,0.3465198278427124
,0.0,,,,462,3,46.20000076293945,1.0,0.6497693061828613
,1.0,,,,462,4,46.20000076293945,1.0,0.00020142324501648545
,0.0,,,,463,1,46.29999923706055,1.0,0.003810763591900468
,0.0,,,,463,2,46.29999923706055,1.0,0.5673999786376953
,0.0,,,,463,3,46.29999923706055,1.0,0.42710819840431213
,1.0,,,,463,4,46.29999923706055,1.0,0.001681085559539497
,0.0,,,,464,1,46.400001525878906,1.0,0.0032477008644491434
,0.0,,,,464,2,46.400001525878906,1.0,0.5171673893928528
,0.0,,,,464,3,46.400001525878906,1.0,0.47883474826812744
,1.0,,,,464,4,46.400001525878906,1.0,0.0007501886575482786
,0.0,,,,465,1,46.5,1.0,0.005229856353253126
,0.0,,,,465,2,46.5,1.0,0.6943628787994385
,0.0,,,,465,3,46.5,1.0,0.2998655140399933
,1.0,,,,465,4,46.5,1.0,0.0005416593630798161
,0.0,,,,466,1,46.599998474121094,1.0,0.009362677112221718
,0.0,,,,466,2,46.599998474121094,1.0,0.6678919196128845
,0.0,,,,466,3,46.599998474121094,1.0,0.32274481654167175
,1.0,,,,466,4,46.599998474121094,1.0,4.798790200766234e-07
,0.0,,,,467,1,46.70000076293945,1.0,0.03034127689898014
,0.0,,,,467,2,46.70000076293945,1.0,0.6165856719017029
,0.0,,,,467,3,46.70000076293945,1.0,0.3530503213405609
,1.0,,,,467,4,46.70000076293945,1.0,2.2690141122438945e-05
,0.0,,,,468,1,46.79999923706055,1.0,0.06904224306344986
,0.0,,,,468,2,46.79999923706055,1.0,0.3946521282196045
,0.0,,,,468,3,46.79999923706055,1.0,0.5168325901031494
,1.0,,,,468,4,46.79999923706055,1.0,0.01947307027876377
,0.0,,,,469,1,46.900001525878906,1.0,0.0345018096268177
,0.0,,,,469,2,46.900001525878906,1.0,0.39972618222236633
,0.0,,,,469,3,46.900001525878906,1.0,0.5028859972953796
,1.0,,,,469,4,46.900001525878906,1.0,0.06288596242666245
,0.0,,,,470,1,47.0,1.0,0.0015117047587409616
,0.0,,,,470,2,47.0,1.0,0.6976366639137268
,0.0,,,,470,3,47.0,1.0,0.03795081377029419
,1.0,,,,470,4,47.0,1.0,0.26290079951286316
,0.0,,,,471,1,47.099998474121094,1.0,0.0002295123995281756
,0.0,,,,471,2,47.099998474121094,1.0,0.4896986186504364
,0.0,,,,471,3,47.099998474121094,1.0,0.02367963269352913
,1.0,,,,471,4,47.099998474121094,1.0,0.48639217019081116
,0.0,,,,472,1,47.20000076293945,1.0,0.0001479394850321114
,0.0,,,,472,2,47.20000076293945,1.0,0.5609423518180847
,0.0,,,,472,3,47.20000076293945,1.0,0.1118946298956871
,1.0,,,,472,4,47.20000076293945,1.0,0.32701507210731506
,0.0,,,,473,1,47.29999923706055,1.0,0.0001613854110473767
,0.0,,,,473,2,47.29999923706055,1.0,0.05628914758563042
,0.0,,,,473,3,47.29999923706055,1.0,0.1126674935221672
,1.0,,,,473,4,47.29999923706055,1.0,0.8308820128440857
,0.0,,,,474,1,47.400001525878906,1.0,1.2038480008413899e-06
,0.0,,,,474,2,47.400001525878906,1.0,0.025944191962480545
,0.0,,,,474,3,47.400001525878906,1.0,0.030401336029171944
,1.0,,,,474,4,47.400001525878906,1.0,0.9436532855033875
,0.0,,,,475,1,47.5,1.0,4.463748609850882e-06
,0.0,,,,475,2,47.5,1.0,0.044166699051856995
,0.0,,,,475,3,47.5,1.0,0.0975048616528511
,1.0,,,,475,4,47.5,1.0,0.8583239912986755
,0.0,,,,476,1,47.599998474121094,1.0,8.176632945833262e-06
,0.0,,,,476,2,47.599998474121094,1.0,0.08343137800693512
,0.0,,,,476,3,47.599998474121094,1.0,0.29069799184799194
,1.0,,,,476,4,47.599998474121094,1.0,0.6258624792098999
,0.0,,,,477,1,47.70000076293945,1.0,0.0003276123316027224
,0.0,,,,477,2,47.70000076293945,1.0,0.03125410154461861
,0.0,,,,477,3,47.70000076293945,1.0,0.36271873116493225
,1.0,,,,477,4,47.70000076293945,1.0,0.6056995391845703
,0.0,,,,478,1,47.79999923706055,1.0,0.0019371085800230503
,0.0,,,,478,2,47.79999923706055,1.0,0.11001592129468918
,0.0,,,,478,3,47.79999923706055,1.0,0.6471627354621887
,1.0,,,,478,4,47.79999923706055,1.0,0.24088425934314728
,0.0,,,,479,1,47.900001525878906,1.0,7.26849066268187e-07
,0.0,,,,479,2,47.900001525878906,1.0,0.0001608691381989047
,0.0,,,,479,3,47.900001525878906,1.0,0.03334717079997063
,1.0,,,,479,4,47.900001525878906,1.0,0.966491162776947
,0.0,,,,480,1,48.0,1.0,8.193863436645188e-07
,0.0,,,,480,2,48.0,1.0,1.1953656212426722e-05
,0.0,,,,480,3,48.0,1.0,0.013295719400048256
,1.0,,,,480,4,48.0,1.0,0.9866914749145508
,0.0,,,,481,1,48.099998474121094,1.0,9.304493175932294e-08
,0.0,,,,481,2,48.099998474121094,1.0,0.0002276310115121305
,0.0,,,,481,3,48.099998474121094,1.0,0.15989312529563904
,1.0,,,,481,4,48.099998474121094,1.0,0.8398791551589966
,0.0,,,,482,1,48.20000076293945,1.0,6.845490929663356e-08
,0.0,,,,482,2,48.20000076293945,1.0,0.0016553085297346115
,0.0,,,,482,3,48.20000076293945,1.0,0.021410103887319565
,1.0,,,,482,4,48.20000076293945,1.0,0.9769344925880432
,0.0,,,,483,1,48.29999923706055,1.0,7.253919420691091e-07
,0.0,,,,483,2,48.29999923706055,1.0,0.004559040535241365
,0.0,,,,483,3,48.29999923706055,1.0,0.0444486178457737
,1.0,,,,483,4,48.29999923706055,1.0,0.9509916305541992
,0.0,,,,484,1,48.400001525878906,1.0,3.593720210304241e-09
,0.0,,,,484,2,48.400001525878906,1.0,0.00021942816965747625
,0.0,,,,484,3,48.400001525878906,1.0,0.0035437694750726223
,1.0,,,,484,4,48.400001525878906,1.0,0.9962368011474609
,0.0,,,,485,1,48.5,1.0,2.8514066663376525e-09
,0.0,,,,485,2,48.5,1.0,0.00024200651387218386
,0.0,,,,485,3,48.5,1.0,0.00165608711540699
,1.0,,,,485,4,48.5,1.0,0.9981018900871277
,0.0,,,,486,1,48.599998474121094,1.0,2.0643994846913927e-10
,0.0,,,,486,2,48.599998474121094,1.0,0.00023760621843393892
,0.0,,,,486,3,48.599998474121094,1.0,0.010312608443200588
,1.0,,,,486,4,48.599998474121094,1.0,0.9894497990608215
,0.0,,,,487,1,48.70000076293945,1.0,5.213437459516967e-10
,0.0,,,,487,2,48.70000076293945,1.0,0.0016027844976633787
,0.0,,,,487,3,48.70000076293945,1.0,0.03191887214779854
,1.0,,,,487,4,48.70000076293945,1.0,0.9664783477783203
,0.0,,,,488,1,48.79999923706055,1.0,1.2661218740106506e-09
,0.0,,,,488,2,48.79999923706055,1.0,0.003513559466227889
,0.0,,,,488,3,48.79999923706055,1.0,0.4048748314380646
,1.0,,,,488,4,48.79999923706055,1.0,0.5916116237640381
,0.0,,,,489,1,48.900001525878906,1.0,1.7707310617787186e-10
,0.0,,,,489,2,48.900001525878906,1.0,0.0041712322272360325
,0.0,,,,489,3,48.900001525878906,1.0,0.16522176563739777
,1.0,,,,489,4,48.900001525878906,1.0,0.830606997013092
,0.0,,,,490,1,49.0,1.0,3.711091711711134e-10
,0.0,,,,490,2,49.0,1.0,0.002275356324389577
,0.0,,,,490,3,49.0,1.0,0.017172614112496376
,1.0,,,,490,4,49.0,1.0,0.9805520176887512
,0.0,,,,491,1,49.099998474121094,1.0,3.0818223528683575e-09
,0.0,,,,491,2,49.099998474121094,1.0,0.008374539203941822
,0.0,,,,491,3,49.099998474121094,1.0,0.06680207699537277
,1.0,,,,491,4,49.099998474121094,1.0,0.9248234033584595
,0.0,,,,492,1,49.20000076293945,1.0,3.0343589969561435e-06
,0.0,,,,492,2,49.20000076293945,1.0,0.18708102405071259
,0.0,,,,492,3,49.20000076293945,1.0,0.281855046749115
,1.0,,,,492,4,49.20000076293945,1.0,0.5310609340667725
,0.0,,,,493,1,49.29999923706055,1.0,1.833373630688584e-08
,0.0,,,,493,2,49.29999923706055,1.0,0.024018002673983574
,0.0,,,,493,3,49.29999923706055,1.0,0.010005472227931023
,1.0,,,,493,4,49.29999923706055,1.0,0.9659765362739563
,0.0,,,,494,1,49.400001525878906,1.0,1.5805561304205185e-07
,0.0,,,,494,2,49.400001525878906,1.0,0.025111541152000427
,0.0,,,,494,3,49.400001525878906,1.0,0.06558115780353546
,1.0,,,,494,4,49.400001525878906,1.0,0.9093071818351746
,0.0,,,,495,1,49.5,1.0,2.534822272082238e-07
,0.0,,,,495,2,49.5,1.0,0.005942685529589653
,0.0,,,,495,3,49.5,1.0,0.0255177803337574
,1.0,,,,495,4,49.5,1.0,0.968539297580719
,0.0,,,,496,1,49.599998474121094,1.0,1.1534763189047226e-07
,0.0,,,,496,2,49.599998474121094,1.0,0.0021255575120449066
,0.0,,,,496,3,49.599998474121094,1.0,0.013592291623353958
,1.0,,,,496,4,49.599998474121094,1.0,0.9842820763587952
,0.0,,,,497,1,49.70000076293945,1.0,5.672843084170154e-09
,0.0,,,,497,2,49.70000076293945,1.0,0.0002210862294305116
,0.0,,,,497,3,49.70000076293945,1.0,0.008858250454068184
,1.0,,,,497,4,49.70000076293945,1.0,0.9909206628799438
,0.0,,,,498,1,49.79999923706055,1.0,3.6865182018175346e-09
,0.0,,,,498,2,49.79999923706055,1.0,0.0002459534734953195
,0.0,,,,498,3,49.79999923706055,1.0,0.005903880577534437
,1.0,,,,498,4,49.79999923706055,1.0,0.9938501119613647
,0.0,,,,499,1,49.900001525878906,1.0,1.8114600379703916e-06
,0.0,,,,499,2,49.900001525878906,1.0,0.007348854094743729
,0.0,,,,499,3,49.900001525878906,1.0,0.01956598274409771
,1.0,,,,499,4,49.900001525878906,1.0,0.9730833172798157
,0.0,,,,500,1,50.0,1.0,4.19247214722418e-07
,0.0,,,,500,2,50.0,1.0,0.020917311310768127
,0.0,,,,500,3,50.0,1.0,0.16756774485111237
,1.0,,,,500,4,50.0,1.0,0.8115145564079285
,0.0,,,,501,1,50.099998474121094,1.0,3.505991514884954e-07
,0.0,,,,501,2,50.099998474121094,1.0,0.15884622931480408
,0.0,,,,501,3,50.099998474121094,1.0,0.78891521692276
,1.0,,,,501,4,50.099998474121094,1.0,0.052238255739212036
,0.0,,,,502,1,50.20000076293945,1.0,1.6618652010080837e-09
,0.0,,,,502,2,50.20000076293945,1.0,0.003206786932423711
,0.0,,,,502,3,50.20000076293945,1.0,0.0010497691109776497
,1.0,,,,502,4,50.20000076293945,1.0,0.995743453502655
,0.0,,,,503,1,50.29999923706055,1.0,4.45506787016825e-09
,0.0,,,,503,2,50.29999923706055,1.0,0.007375117391347885
,0.0,,,,503,3,50.29999923706055,1.0,0.0030437856912612915
,1.0,,,,503,4,50.29999923706055,1.0,0.9895811080932617
,0.0,,,,504,1,50.400001525878906,1.0,6.17066286956458e-10
,0.0,,,,504,2,50.400001525878906,1.0,0.00278764427639544
,0.0,,,,504,3,50.400001525878906,1.0,0.0008577934931963682
,1.0,,,,504,4,50.400001525878906,1.0,0.9963545799255371
,0.0,,,,505,1,50.5,1.0,1.572406915784086e-08
,0.0,,,,505,2,50.5,1.0,0.022596217691898346
,0.0,,,,505,3,50.5,1.0,0.03861617669463158
,1.0,,,,505,4,50.5,1.0,0.938787579536438
,0.0,,,,506,1,50.599998474121094,1.0,3.6334361652734515e-07
,0.0,,,,506,2,50.599998474121094,1.0,0.009547028690576553
,0.0,,,,506,3,50.599998474121094,1.0,0.9899441003799438
,1.0,,,,506,4,50.599998474121094,1.0,0.0005084506119601429
,0.0,,,,507,1,50.70000076293945,1.0,1.2263446933502564e-06
,0.0,,,,507,2,50.70000076293945,1.0,0.004081943538039923
,0.0,,,,507,3,50.70000076293945,1.0,0.9958966970443726
,1.0,,,,507,4,50.70000076293945,1.0,2.016163671214599e-05
,0.0,,,,508,1,50.79999923706055,1.0,6.698924153170083e-06
,0.0,,,,508,2,50.79999923706055,1.0,0.003881381591781974
,0.0,,,,508,3,50.79999923706055,1.0,0.9961119294166565
,1.0,,,,508,4,50.79999923706055,1.0,5.5379551638923274e-11
,0.0,,,,509,1,50.900001525878906,1.0,2.032589463851764e-06
,0.0,,,,509,2,50.900001525878906,1.0,0.011647118255496025
,0.0,,,,509,3,50.900001525878906,1.0,0.9883508682250977
,1.0,,,,509,4,50.900001525878906,1.0,1.8255756017993008e-08
,0.0,,,,510,1,51.0,1.0,1.5162712543315138e-06
,0.0,,,,510,2,51.0,1.0,0.020621230825781822
,0.0,,,,510,3,51.0,1.0,0.979377269744873
,1.0,,,,510,4,51.0,1.0,6.921123119063566e-10
,0.0,,,,511,1,51.099998474121094,1.0,5.427640189736849e-06
,0.0,,,,511,2,51.099998474121094,1.0,0.007456536404788494
,0.0,,,,511,3,51.099998474121094,1.0,0.9925380349159241
,1.0,,,,511,4,51.099998474121094,1.0,2.0256449850819536e-09
,0.0,,,,512,1,51.20000076293945,1.0,1.2445697393559385e-05
,0.0,,,,512,2,51.20000076293945,1.0,0.017768260091543198
,0.0,,,,512,3,51.20000076293945,1.0,0.9822086691856384
,1.0,,,,512,4,51.20000076293945,1.0,1.0603866940073203e-05
,0.0,,,,513,1,51.29999923706055,1.0,4.374204308987828e-06
,0.0,,,,513,2,51.29999923706055,1.0,0.022626390680670738
,0.0,,,,513,3,51.29999923706055,1.0,0.9773687124252319
,1.0,,,,513,4,51.29999923706055,1.0,5.270360929898743e-07
,0.0,,,,514,1,51.400001525878906,1.0,2.251252681162441e-06
,0.0,,,,514,2,51.400001525878906,1.0,0.01747485063970089
,0.0,,,,514,3,51.400001525878906,1.0,0.9825199842453003
,1.0,,,,514,4,51.400001525878906,1.0,2.891724307119148e-06
,0.0,,,,515,1,51.5,1.0,4.008847554359818e-06
,0.0,,,,515,2,51.5,1.0,0.021195895969867706
,0.0,,,,515,3,51.5,1.0,0.9787998199462891
,1.0,,,,515,4,51.5,1.0,2.8928545248163573e-07
,0.0,,,,516,1,51.599998474121094,1.0,2.407632564427331e-05
,0.0,,,,516,2,51.599998474121094,1.0,0.025585880503058434
,0.0,,,,516,3,51.599998474121094,1.0,0.9742705821990967
,1.0,,,,516,4,51.599998474121094,1.0,0.00011948833707720041
,0.0,,,,517,1,51.70000076293945,1.0,1.5643847291357815e-05
,0.0,,,,517,2,51.70000076293945,1.0,0.02850310318171978
,0.0,,,,517,3,51.70000076293945,1.0,0.9714808464050293
,1.0,,,,517,4,51.70000076293945,1.0,3.801431773808872e-07
,0.0,,,,518,1,51.79999923706055,1.0,1.2501465107561671e-06
,0.0,,,,518,2,51.79999923706055,1.0,0.01900644227862358
,0.0,,,,518,3,51.79999923706055,1.0,0.9809922575950623
,1.0,,,,518,4,51.79999923706055,1.0,4.5080295052457586e-08
,0.0,,,,519,1,51.900001525878906,1.0,1.3729804777540267e-06
,0.0,,,,519,2,51.900001525878906,1.0,0.009345661848783493
,0.0,,,,519,3,51.900001525878906,1.0,0.9906530380249023
,1.0,,,,519,4,51.900001525878906,1.0,3.150613797631152e-11
,0.0,,,,520,1,52.0,1.0,1.7788341210689396e-05
,0.0,,,,520,2,52.0,1.0,0.010200242511928082
,0.0,,,,520,3,52.0,1.0,0.9897819757461548
,1.0,,,,520,4,52.0,1.0,4.8447255096562e-08
,0.0,,,,521,1,52.099998474121094,1.0,1.5102351653695223e-06
,0.0,,,,521,2,52.099998474121094,1.0,0.007887671701610088
,0.0,,,,521,3,52.099998474121094,1.0,0.9921107888221741
,1.0,,,,521,4,52.099998474121094,1.0,3.2909228469189496e-16
,0.0,,,,522,1,52.20000076293945,1.0,2.950299631265807e-06
,0.0,,,,522,2,52.20000076293945,1.0,0.008467096835374832
,0.0,,,,522,3,52.20000076293945,1.0,0.9915299415588379
,1.0,,,,522,4,52.20000076293945,1.0,9.74556112892655e-12
,0.0,,,,523,1,52.29999923706055,1.0,8.472753734167782e-07
,0.0,,,,523,2,52.29999923706055,1.0,0.008425199426710606
,0.0,,,,523,3,52.29999923706055,1.0,0.9915739893913269
,1.0,,,,523,4,52.29999923706055,1.0,1.4339125720130852e-10
,0.0,,,,524,1,52.400001525878906,1.0,3.892489530699095e-07
,0.0,,,,524,2,52.400001525878906,1.0,0.007795087061822414
,0.0,,,,524,3,52.400001525878906,1.0,0.9922045469284058
,1.0,,,,524,4,52.400001525878906,1.0,5.026469691860047e-14
,0.0,,,,525,1,52.5,1.0,3.8379454281312064e-07
,0.0,,,,525,2,52.5,1.0,0.008715598843991756
,0.0,,,,525,3,52.5,1.0,0.9912840127944946
,1.0,,,,525,4,52.5,1.0,9.538118992541422e-13
,0.0,,,,526,1,52.599998474121094,1.0,6.19512150024093e-07
,0.0,,,,526,2,52.599998474121094,1.0,0.007439877837896347
,0.0,,,,526,3,52.599998474121094,1.0,0.992559552192688
,1.0,,,,526,4,52.599998474121094,1.0,1.7372757399325423e-10
,0.0,,,,527,1,52.70000076293945,1.0,4.5328218334361736e-07
,0.0,,,,527,2,52.70000076293945,1.0,0.0031624468974769115
,0.0,,,,527,3,52.70000076293945,1.0,0.9575316309928894
,1.0,,,,527,4,52.70000076293945,1.0,0.03930554538965225
,0.0,,,,528,1,52.79999923706055,1.0,3.106854649104207e-07
,0.0,,,,528,2,52.79999923706055,1.0,0.003278645919635892
,0.0,,,,528,3,52.79999923706055,1.0,0.520004153251648
,1.0,,,,528,4,52.79999923706055,1.0,0.4767168462276459
,0.0,,,,529,1,52.900001525878906,1.0,3.8075268093962222e-06
,0.0,,,,529,2,52.900001525878906,1.0,0.0064599779434502125
,0.0,,,,529,3,52.900001525878906,1.0,0.993536114692688
,1.0,,,,529,4,52.900001525878906,1.0,1.6170918115676614e-07
,0.0,,,,530,1,53.0,1.0,2.0401712390594184e-06
,0.0,,,,530,2,53.0,1.0,0.00504988431930542
,0.0,,,,530,3,53.0,1.0,0.9949480295181274
,1.0,,,,530,4,53.0,1.0,3.810868776099596e-08
,0.0,,,,531,1,53.099998474121094,1.0,1.1876343705807813e-05
,0.0,,,,531,2,53.099998474121094,1.0,0.005218669306486845
,0.0,,,,531,3,53.099998474121094,1.0,0.994745135307312
,1.0,,,,531,4,53.099998474121094,1.0,2.4315189875778742e-05
,0.0,,,,532,1,53.20000076293945,1.0,2.371299524384085e-05
,0.0,,,,532,2,53.20000076293945,1.0,0.003826253581792116
,0.0,,,,532,3,53.20000076293945,1.0,0.996150016784668
,1.0,,,,532,4,53.20000076293945,1.0,4.468793335377086e-09
,0.0,,,,533,1,53.29999923706055,1.0,3.0035633244551718e-05
,0.0,,,,533,2,53.29999923706055,1.0,0.0030569934751838446
,0.0,,,,533,3,53.29999923706055,1.0,0.9969128370285034
,1.0,,,,533,4,53.29999923706055,1.0,1.1084013351592148e-07
,0.0,,,,534,1,53.400001525878906,1.0,1.581548167450819e-05
,0.0,,,,534,2,53.400001525878906,1.0,0.0028371759690344334
,0.0,,,,534,3,53.400001525878906,1.0,0.9971185922622681
,1.0,,,,534,4,53.400001525878906,1.0,2.8446507712942548e-05
,0.0,,,,535,1,53.5,1.0,1.982016874535475e-05
,0.0,,,,535,2,53.5,1.0,0.0006951969699002802
,0.0,,,,535,3,53.5,1.0,0.9960265159606934
,1.0,,,,535,4,53.5,1.0,0.0032584110740572214
,0.0,,,,536,1,53.599998474121094,1.0,4.394593997858465e-05
,0.0,,,,536,2,53.599998474121094,1.0,0.00017199444118887186
,0.0,,,,536,3,53.599998474121094,1.0,0.9883915781974792
,1.0,,,,536,4,53.599998474121094,1.0,0.011392374522984028
,0.0,,,,537,1,53.70000076293945,1.0,2.3289088858291507e-05
,0.0,,,,537,2,53.70000076293945,1.0,0.00010353693505749106
,0.0,,,,537,3,53.70000076293945,1.0,0.5884893536567688
,1.0,,,,537,4,53.70000076293945,1.0,0.41138380765914917
,0.0,,,,538,1,53.79999923706055,1.0,2.2999811335466802e-05
,0.0,,,,538,2,53.79999923706055,1.0,1.732729288050905e-05
,0.0,,,,538,3,53.79999923706055,1.0,0.11040674149990082
,1.0,,,,538,4,53.79999923706055,1.0,0.8895529508590698
,0.0,,,,539,1,53.900001525878906,1.0,2.5674606149550527e-05
,0.0,,,,539,2,53.900001525878906,1.0,6.288164877332747e-05
,0.0,,,,539,3,53.900001525878906,1.0,0.4062369465827942
,1.0,,,,539,4,53.900001525878906,1.0,0.5936744809150696
,0.0,,,,540,1,54.0,1.0,1.3362359823076986e-05
,0.0,,,,540,2,54.0,1.0,1.327906829828862e-06
,0.0,,,,540,3,54.0,1.0,0.15742579102516174
,1.0,,,,540,4,54.0,1.0,0.8425595760345459
,0.0,,,,541,1,54.099998474121094,1.0,5.772213171439944e-06
,0.0,,,,541,2,54.099998474121094,1.0,3.516777269396698e-07
,0.0,,,,541,3,54.099998474121094,1.0,0.5732269883155823
,1.0,,,,541,4,54.099998474121094,1.0,0.42676684260368347
,0.0,,,,542,1,54.20000076293945,1.0,9.073736873688176e-05
,0.0,,,,542,2,54.20000076293945,1.0,1.3554576071328484e-05
,0.0,,,,542,3,54.20000076293945,1.0,0.9269535541534424
,1.0,,,,542,4,54.20000076293945,1.0,0.07294218242168427
,0.0,,,,543,1,54.29999923706055,1.0,0.0008007644210010767
,0.0,,,,543,2,54.29999923706055,1.0,6.452849902416347e-06
,0.0,,,,543,3,54.29999923706055,1.0,0.9947040677070618
,1.0,,,,543,4,54.29999923706055,1.0,0.004488714504987001
,0.0,,,,544,1,54.400001525878906,1.0,0.004599639680236578
,0.0,,,,544,2,54.400001525878906,1.0,6.870031211292371e-05
,0.0,,,,544,3,54.400001525878906,1.0,0.993488073348999
,1.0,,,,544,4,54.400001525878906,1.0,0.001843509846366942
,0.0,,,,545,1,54.5,1.0,0.0005192261887714267
,0.0,,,,545,2,54.5,1.0,5.899984898860566e-05
,0.0,,,,545,3,54.5,1.0,0.9728489518165588
,1.0,,,,545,4,54.5,1.0,0.02657277137041092
,0.0,,,,546,1,54.599998474121094,1.0,0.0004529614234343171
,0.0,,,,546,2,54.599998474121094,1.0,1.5354484276031144e-05
,0.0,,,,546,3,54.599998474121094,1.0,0.99149489402771
,1.0,,,,546,4,54.599998474121094,1.0,0.008036777377128601
,0.0,,,,547,1,54.70000076293945,1.0,0.00012850422353949398
,0.0,,,,547,2,54.70000076293945,1.0,9.013605449581519e-06
,0.0,,,,547,3,54.70000076293945,1.0,0.9889984726905823
,1.0,,,,547,4,54.70000076293945,1.0,0.010864083655178547
,0.0,,,,548,1,54.79999923706055,1.0,0.0011930490145459771
,0.0,,,,548,2,54.79999923706055,1.0,9.431522812519688e-06
,0.0,,,,548,3,54.79999923706055,1.0,0.9949659705162048
,1.0,,,,548,4,54.79999923706055,1.0,0.0038315150886774063
,0.0,,,,549,1,54.900001525878906,1.0,0.015995534136891365
,0.0,,,,549,2,54.900001525878906,1.0,0.00010586031567072496
,0.0,,,,549,3,54.900001525878906,1.0,0.9762900471687317
,1.0,,,,549,4,54.900001525878906,1.0,0.007608511485159397
,0.0,,,,550,1,55.0,1.0,0.005167393945157528
,0.0,,,,550,2,55.0,1.0,0.0005487770540639758
,0.0,,,,550,3,55.0,1.0,0.9192157983779907
,1.0,,,,550,4,55.0,1.0,0.07506797462701797
,0.0,,,,551,1,55.099998474121094,1.0,0.0006658040801994503
,0.0,,,,551,2,55.099998474121094,1.0,9.571932605467737e-05
,0.0,,,,551,3,55.099998474121094,1.0,0.9869621992111206
,1.0,,,,551,4,55.099998474121094,1.0,0.01227627880871296
,0.0,,,,552,1,55.20000076293945,1.0,4.2185249185422435e-05
,0.0,,,,552,2,55.20000076293945,1.0,0.00028388373902998865
,0.0,,,,552,3,55.20000076293945,1.0,0.9696332216262817
,1.0,,,,552,4,55.20000076293945,1.0,0.030040685087442398
,0.0,,,,553,1,55.29999923706055,1.0,0.00011010203161276877
,0.0,,,,553,2,55.29999923706055,1.0,0.001185733126476407
,0.0,,,,553,3,55.29999923706055,1.0,0.6219965219497681
,1.0,,,,553,4,55.29999923706055,1.0,0.3767077624797821
,0.0,,,,554,1,55.400001525878906,1.0,5.658114969264716e-05
,0.0,,,,554,2,55.400001525878906,1.0,0.0003312143380753696
,0.0,,,,554,3,55.400001525878906,1.0,0.15241427719593048
,1.0,,,,554,4,55.400001525878906,1.0,0.8471978902816772
,0.0,,,,555,1,55.5,1.0,8.53761775942985e-06
,0.0,,,,555,2,55.5,1.0,0.00017261673929169774
,0.0,,,,555,3,55.5,1.0,0.12973721325397491
,1.0,,,,555,4,55.5,1.0,0.8700816631317139
,0.0,,,,556,1,55.599998474121094,1.0,1.668259756115731e-05
,0.0,,,,556,2,55.599998474121094,1.0,6.0135040257591754e-05
,0.0,,,,556,3,55.599998474121094,1.0,0.055032793432474136
,1.0,,,,556,4,55.599998474121094,1.0,0.9448903203010559
,0.0,,,,557,1,55.70000076293945,1.0,2.797125489450991e-06
,0.0,,,,557,2,55.70000076293945,1.0,0.00032338270102627575
,0.0,,,,557,3,55.70000076293945,1.0,0.012823211960494518
,1.0,,,,557,4,55.70000076293945,1.0,0.9868506193161011
,0.0,,,,558,1,55.79999923706055,1.0,1.6022032696128008e-06
,0.0,,,,558,2,55.79999923706055,1.0,0.0007092110463418067
,0.0,,,,558,3,55.79999923706055,1.0,0.03302345797419548
,1.0,,,,558,4,55.79999923706055,1.0,0.9662657380104065
,0.0,,,,559,1,55.900001525878906,1.0,2.8279502657824196e-05
,0.0,,,,559,2,55.900001525878906,1.0,0.034243714064359665
,0.0,,,,559,3,55.900001525878906,1.0,0.6926058530807495
,1.0,,,,559,4,55.900001525878906,1.0,0.2731221318244934
,0.0,,,,560,1,56.0,1.0,1.6490717825945467e-05
,0.0,,,,560,2,56.0,1.0,0.15016604959964752
,0.0,,,,560,3,56.0,1.0,0.6882007122039795
,1.0,,,,560,4,56.0,1.0,0.16161678731441498
,0.0,,,,561,1,56.099998474121094,1.0,6.55693220323883e-05
,0.0,,,,561,2,56.099998474121094,1.0,0.21704159677028656
,0.0,,,,561,3,56.099998474121094,1.0,0.6466232538223267
,1.0,,,,561,4,56.099998474121094,1.0,0.13626955449581146
,0.0,,,,562,1,56.20000076293945,1.0,1.6518681150046177e-05
,0.0,,,,562,2,56.20000076293945,1.0,0.30333927273750305
,0.0,,,,562,3,56.20000076293945,1.0,0.6946896314620972
,1.0,,,,562,4,56.20000076293945,1.0,0.0019545776303857565
,0.0,,,,563,1,56.29999923706055,1.0,2.9634971724590287e-05
,0.0,,,,563,2,56.29999923706055,1.0,0.10200263559818268
,0.0,,,,563,3,56.29999923706055,1.0,0.876234233379364
,1.0,,,,563,4,56.29999923706055,1.0,0.02173352800309658
,0.0,,,,564,1,56.400001525878906,1.0,5.830613190482836e-06
,0.0,,,,564,2,56.400001525878906,1.0,0.016584888100624084
,0.0,,,,564,3,56.400001525878906,1.0,0.9802793264389038
,1.0,,,,564,4,56.400001525878906,1.0,0.0031299323309212923
,0.0,,,,565,1,56.5,1.0,6.390378985088319e-06
,0.0,,,,565,2,56.5,1.0,0.008148184977471828
,0.0,,,,565,3,56.5,1.0,0.9908630847930908
,1.0,,,,565,4,56.5,1.0,0.000982352183200419
,0.0,,,,566,1,56.599998474121094,1.0,6.262306214921409e-06
,0.0,,,,566,2,56.599998474121094,1.0,0.003117016516625881
,0.0,,,,566,3,56.599998474121094,1.0,0.9893103837966919
,1.0,,,,566,4,56.599998474121094,1.0,0.00756639800965786
,0.0,,,,567,1,56.70000076293945,1.0,3.988728713011369e-05
,0.0,,,,567,2,56.70000076293945,1.0,0.014298265799880028
,0.0,,,,567,3,56.70000076293945,1.0,0.985160231590271
,1.0,,,,567,4,56.70000076293945,1.0,0.0005015964270569384
,0.0,,,,568,1,56.79999923706055,1.0,4.031308435514802e-06
,0.0,,,,568,2,56.79999923706055,1.0,0.0051370663568377495
,0.0,,,,568,3,56.79999923706055,1.0,0.992669939994812
,1.0,,,,568,4,56.79999923706055,1.0,0.002189022023230791
,0.0,,,,569,1,56.900001525878906,1.0,0.00010971516167046502
,0.0,,,,569,2,56.900001525878906,1.0,0.008574347011744976
,0.0,,,,569,3,56.900001525878906,1.0,0.9884018301963806
,1.0,,,,569,4,56.900001525878906,1.0,0.002914071548730135
,0.0,,,,570,1,57.0,1.0,0.00024868728360161185
,0.0,,,,570,2,57.0,1.0,0.008990868926048279
,0.0,,,,570,3,57.0,1.0,0.7694472670555115
,1.0,,,,570,4,57.0,1.0,0.22131314873695374
,0.0,,,,571,1,57.099998474121094,1.0,4.536905908025801e-05
,0.0,,,,571,2,57.099998474121094,1.0,0.032146625220775604
,0.0,,,,571,3,57.099998474121094,1.0,0.6073773503303528
,1.0,,,,571,4,57.099998474121094,1.0,0.36043068766593933
,0.0,,,,572,1,57.20000076293945,1.0,0.000192293940926902
,0.0,,,,572,2,57.20000076293945,1.0,0.02077530324459076
,0.0,,,,572,3,57.20000076293945,1.0,0.8189977407455444
,1.0,,,,572,4,57.20000076293945,1.0,0.16003473103046417
,0.0,,,,573,1,57.29999923706055,1.0,9.126468648901209e-05
,0.0,,,,573,2,57.29999923706055,1.0,0.0043212841264903545
,0.0,,,,573,3,57.29999923706055,1.0,0.4100031554698944
,1.0,,,,573,4,57.29999923706055,1.0,0.5855843424797058
,0.0,,,,574,1,57.400001525878906,1.0,0.00222140084952116
,0.0,,,,574,2,57.400001525878906,1.0,0.001774301053956151
,0.0,,,,574,3,57.400001525878906,1.0,0.9808995723724365
,1.0,,,,574,4,57.400001525878906,1.0,0.015104733407497406
,0.0,,,,575,1,57.5,1.0,0.0049874125979840755
,0.0,,,,575,2,57.5,1.0,0.002747930120676756
,0.0,,,,575,3,57.5,1.0,0.967995822429657
,1.0,,,,575,4,57.5,1.0,0.024268826469779015
,0.0,,,,576,1,57.599998474121094,1.0,0.0004779177834279835
,0.0,,,,576,2,57.599998474121094,1.0,0.0003861801524180919
,0.0,,,,576,3,57.599998474121094,1.0,0.9734281897544861
,1.0,,,,576,4,57.599998474121094,1.0,0.025707706809043884
,0.0,,,,577,1,57.70000076293945,1.0,9.067256178241223e-05
,0.0,,,,577,2,57.70000076293945,1.0,8.441301179118454e-05
,0.0,,,,577,3,57.70000076293945,1.0,0.7284759283065796
,1.0,,,,577,4,57.70000076293945,1.0,0.2713489830493927
,0.0,,,,578,1,57.79999923706055,1.0,3.6877514503430575e-05
,0.0,,,,578,2,57.79999923706055,1.0,0.00039836266660131514
,0.0,,,,578,3,57.79999923706055,1.0,0.4891379773616791
,1.0,,,,578,4,57.79999923706055,1.0,0.5104267597198486
,0.0,,,,579,1,57.900001525878906,1.0,1.718632847769186e-05
,0.0,,,,579,2,57.900001525878906,1.0,0.0022195864003151655
,0.0,,,,579,3,57.900001525878906,1.0,0.19214656949043274
,1.0,,,,579,4,57.900001525878906,1.0,0.8056166768074036
,0.0,,,,580,1,58.0,1.0,7.432690836139955e-07
,0.0,,,,580,2,58.0,1.0,0.0001159298699349165
,0.0,,,,580,3,58.0,1.0,0.04032762721180916
,1.0,,,,580,4,58.0,1.0,0.9595557451248169
,0.0,,,,581,1,58.099998474121094,1.0,6.346446639327041e-07
,0.0,,,,581,2,58.099998474121094,1.0,0.0012519632000476122
,0.0,,,,581,3,58.099998474121094,1.0,0.10633637756109238
,1.0,,,,581,4,58.099998474121094,1.0,0.8924109935760498
,0.0,,,,582,1,58.20000076293945,1.0,5.540767347156361e-07
,0.0,,,,582,2,58.20000076293945,1.0,0.0021782591938972473
,0.0,,,,582,3,58.20000076293945,1.0,0.09314349293708801
,1.0,,,,582,4,58.20000076293945,1.0,0.9046777486801147
,0.0,,,,583,1,58.29999923706055,1.0,9.615642920834944e-05
,0.0,,,,583,2,58.29999923706055,1.0,0.015243285335600376
,0.0,,,,583,3,58.29999923706055,1.0,0.9241509437561035
,1.0,,,,583,4,58.29999923706055,1.0,0.06050954759120941
,0.0,,,,584,1,58.400001525878906,1.0,5.543586303247139e-05
,0.0,,,,584,2,58.400001525878906,1.0,0.04118471220135689
,0.0,,,,584,3,58.400001525878906,1.0,0.909407913684845
,1.0,,,,584,4,58.400001525878906,1.0,0.049351856112480164
,0.0,,,,585,1,58.5,1.0,7.483719741685491e-07
,0.0,,,,585,2,58.5,1.0,0.008912005461752415
,0.0,,,,585,3,58.5,1.0,0.3274722397327423
,1.0,,,,585,4,58.5,1.0,0.6636149287223816
,0.0,,,,586,1,58.599998474121094,1.0,1.1616906476774602e-06
,0.0,,,,586,2,58.599998474121094,1.0,0.0015854544471949339
,0.0,,,,586,3,58.599998474121094,1.0,0.4575609564781189
,1.0,,,,586,4,58.599998474121094,1.0,0.540852427482605
,0.0,,,,587,1,58.70000076293945,1.0,1.4442169913309044e-06
,0.0,,,,587,2,58.70000076293945,1.0,0.00015438388800248504
,0.0,,,,587,3,58.70000076293945,1.0,0.3624612092971802
,1.0,,,,587,4,58.70000076293945,1.0,0.6373829245567322
,0.0,,,,588,1,58.79999923706055,1.0,5.742808752984274e-07
,0.0,,,,588,2,58.79999923706055,1.0,3.053128602914512e-05
,0.0,,,,588,3,58.79999923706055,1.0,0.29364848136901855
,1.0,,,,588,4,58.79999923706055,1.0,0.7063204050064087
,0.0,,,,589,1,58.900001525878906,1.0,3.5027471767534735e-07
,0.0,,,,589,2,58.900001525878906,1.0,9.223130291502457e-06
,0.0,,,,589,3,58.900001525878906,1.0,0.41572484374046326
,1.0,,,,589,4,58.900001525878906,1.0,0.5842655897140503
,0.0,,,,590,1,59.0,1.0,4.56665212311691e-08
,0.0,,,,590,2,59.0,1.0,2.5393819669261575e-06
,0.0,,,,590,3,59.0,1.0,0.06245941296219826
,1.0,,,,590,4,59.0,1.0,0.9375379681587219
,0.0,,,,591,1,59.099998474121094,1.0,4.136564655254915e-07
,0.0,,,,591,2,59.099998474121094,1.0,3.069243120989995e-06
,0.0,,,,591,3,59.099998474121094,1.0,0.1373004913330078
,1.0,,,,591,4,59.099998474121094,1.0,0.8626960515975952
,0.0,,,,592,1,59.20000076293945,1.0,4.051757514389465e-06
,0.0,,,,592,2,59.20000076293945,1.0,2.3225355107570067e-05
,0.0,,,,592,3,59.20000076293945,1.0,0.5045027136802673
,1.0,,,,592,4,59.20000076293945,1.0,0.4954700171947479
,0.0,,,,593,1,59.29999923706055,1.0,2.9908790111221606e-07
,0.0,,,,593,2,59.29999923706055,1.0,2.4012515495996922e-06
,0.0,,,,593,3,59.29999923706055,1.0,0.25418418645858765
,1.0,,,,593,4,59.29999923706055,1.0,0.7458131313323975
,0.0,,,,594,1,59.400001525878906,1.0,1.4711473568240763e-06
,0.0,,,,594,2,59.400001525878906,1.0,2.818455641317996e-06
,0.0,,,,594,3,59.400001525878906,1.0,0.7871925234794617
,1.0,,,,594,4,59.400001525878906,1.0,0.21280309557914734
,0.0,,,,595,1,59.5,1.0,1.4212021426374122e-07
,0.0,,,,595,2,59.5,1.0,1.3203831485952833e-06
,0.0,,,,595,3,59.5,1.0,0.5965498089790344
,1.0,,,,595,4,59.5,1.0,0.40344876050949097
,0.0,,,,596,1,59.599998474121094,1.0,4.334402703420892e-08
,0.0,,,,596,2,59.599998474121094,1.0,5.594925482910185e-07
,0.0,,,,596,3,59.599998474121094,1.0,0.23326927423477173
,1.0,,,,596,4,59.599998474121094,1.0,0.7667301297187805
,0.0,,,,597,1,59.70000076293945,1.0,3.6960997817914176e-08
,0.0,,,,597,2,59.70000076293945,1.0,6.164165711197711e-08
,0.0,,,,597,3,59.70000076293945,1.0,0.1319262832403183
,1.0,,,,597,4,59.70000076293945,1.0,0.8680736422538757
,0.0,,,,598,1,59.79999923706055,1.0,4.935488462365356e-08
,0.0,,,,598,2,59.79999923706055,1.0,4.772687134391163e-07
,0.0,,,,598,3,59.79999923706055,1.0,0.11080741882324219
,1.0,,,,598,4,59.79999923706055,1.0,0.8891921043395996
,0.0,,,,599,1,59.900001525878906,1.0,1.0355676316464724e-08
,0.0,,,,599,2,59.900001525878906,1.0,8.33242665976286e-08
,0.0,,,,599,3,59.900001525878906,1.0,0.09920808672904968
,1.0,,,,599,4,59.900001525878906,1.0,0.9007918834686279
,0.0,,,,600,1,60.0,1.0,6.632271976059201e-08
,0.0,,,,600,2,60.0,1.0,1.5991771817880363e-07
,0.0,,,,600,3,60.0,1.0,0.19818049669265747
,1.0,,,,600,4,60.0,1.0,0.8018193244934082
,0.0,,,,601,1,60.099998474121094,1.0,2.211415228714486e-08
,0.0,,,,601,2,60.099998474121094,1.0,6.400504304338028e-08
,0.0,,,,601,3,60.099998474121094,1.0,0.18728125095367432
,1.0,,,,601,4,60.099998474121094,1.0,0.8127186298370361
,0.0,,,,602,1,60.20000076293945,1.0,3.385468616556864e-08
,0.0,,,,602,2,60.20000076293945,1.0,2.5158666261404505e-08
,0.0,,,,602,3,60.20000076293945,1.0,0.06973154842853546
,1.0,,,,602,4,60.20000076293945,1.0,0.930268406867981
,0.0,,,,603,1,60.29999923706055,1.0,8.666740541229956e-06
,0.0,,,,603,2,60.29999923706055,1.0,1.661203714320436e-05
,0.0,,,,603,3,60.29999923706055,1.0,0.998768150806427
,1.0,,,,603,4,60.29999923706055,1.0,0.0012065592454746366
,0.0,,,,604,1,60.400001525878906,1.0,4.6993193336675176e-07
,0.0,,,,604,2,60.400001525878906,1.0,2.6714610612543765e-06
,0.0,,,,604,3,60.400001525878906,1.0,0.9653373956680298
,1.0,,,,604,4,60.400001525878906,1.0,0.034659553319215775
,0.0,,,,605,1,60.5,1.0,3.915845070423529e-07
,0.0,,,,605,2,60.5,1.0,8.129503612508415e-07
,0.0,,,,605,3,60.5,1.0,0.9979142546653748
,1.0,,,,605,4,60.5,1.0,0.0020844913087785244
,0.0,,,,606,1,60.599998474121094,1.0,4.019376831365662e-07
,0.0,,,,606,2,60.599998474121094,1.0,6.863950261504215e-07
,0.0,,,,606,3,60.599998474121094,1.0,0.9998378753662109
,1.0,,,,606,4,60.599998474121094,1.0,0.00016104853420984
,0.0,,,,607,1,60.70000076293945,1.0,4.397876978146087e-07
,0.0,,,,607,2,60.70000076293945,1.0,1.8890166302298894e-06
,0.0,,,,607,3,60.70000076293945,1.0,0.9999891519546509
,1.0,,,,607,4,60.70000076293945,1.0,8.47632600198267e-06
,0.0,,,,608,1,60.79999923706055,1.0,7.368672072516347e-07
,0.0,,,,608,2,60.79999923706055,1.0,7.272163315974467e-07
,0.0,,,,608,3,60.79999923706055,1.0,0.9999914169311523
,1.0,,,,608,4,60.79999923706055,1.0,7.151752470235806e-06
,0.0,,,,609,1,60.900001525878906,1.0,5.638773927785223e-07
,0.0,,,,609,2,60.900001525878906,1.0,4.486850286866684e-07
,0.0,,,,609,3,60.900001525878906,1.0,0.9999986886978149
,1.0,,,,609,4,60.900001525878906,1.0,3.2097403845909867e-07
,0.0,,,,610,1,61.0,1.0,1.010879941532039e-06
,0.0,,,,610,2,61.0,1.0,1.1138693167822566e-07
,0.0,,,,610,3,61.0,1.0,0.9999980926513672
,1.0,,,,610,4,61.0,1.0,7.868897569096589e-07
,0.0,,,,611,1,61.099998474121094,1.0,4.999261022931023e-07
,0.0,,,,611,2,61.099998474121094,1.0,6.194062596165395e-09
,0.0,,,,611,3,61.099998474121094,1.0,0.999983549118042
,1.0,,,,611,4,61.099998474121094,1.0,1.6010708350222558e-05
,0.0,,,,612,1,61.20000076293945,1.0,3.697072372688126e-07
,0.0,,,,612,2,61.20000076293945,1.0,1.0945583106547474e-08
,0.0,,,,612,3,61.20000076293945,1.0,0.9999924898147583
,1.0,,,,612,4,61.20000076293945,1.0,7.1955446401261725e-06
,0.0,,,,613,1,61.29999923706055,1.0,1.3865646053545788e-07
,0.0,,,,613,2,61.29999923706055,1.0,7.513611954834687e-09
,0.0,,,,613,3,61.29999923706055,1.0,0.9999933242797852
,1.0,,,,613,4,61.29999923706055,1.0,6.588515589101007e-06
,0.0,,,,614,1,61.400001525878906,1.0,8.960935105051249e-08
,0.0,,,,614,2,61.400001525878906,1.0,4.2560461821494755e-09
,0.0,,,,614,3,61.400001525878906,1.0,0.9999771118164062
,1.0,,,,614,4,61.400001525878906,1.0,2.2750104108126834e-05
,0.0,,,,615,1,61.5,1.0,2.568526191737419e-08
,0.0,,,,615,2,61.5,1.0,2.3343278421350533e-09
,0.0,,,,615,3,61.5,1.0,0.9999464750289917
,1.0,,,,615,4,61.5,1.0,5.354359018383548e-05
,0.0,,,,616,1,61.599998474121094,1.0,3.1308669434793046e-08
,0.0,,,,616,2,61.599998474121094,1.0,1.0637654090928095e-09
,0.0,,,,616,3,61.599998474121094,1.0,0.9989500641822815
,1.0,,,,616,4,61.599998474121094,1.0,0.0010500046191737056
,0.0,,,,617,1,61.70000076293945,1.0,6.05921925966868e-08
,0.0,,,,617,2,61.70000076293945,1.0,7.2172969822759114e-09
,0.0,,,,617,3,61.70000076293945,1.0,0.9990647435188293
,1.0,,,,617,4,61.70000076293945,1.0,0.0009351415210403502
,0.0,,,,618,1,61.79999923706055,1.0,3.4027539896896997e-08
,0.0,,,,618,2,61.79999923706055,1.0,1.5523466956324228e-09
,0.0,,,,618,3,61.79999923706055,1.0,0.9997051358222961
,1.0,,,,618,4,61.79999923706055,1.0,0.0002948756155092269
,0.0,,,,619,1,61.900001525878906,1.0,2.200761883841551e-08
,0.0,,,,619,2,61.900001525878906,1.0,1.3009755772674936e-10
,0.0,,,,619,3,61.900001525878906,1.0,0.9984951019287109
,1.0,,,,619,4,61.900001525878906,1.0,0.0015048461500555277
,0.0,,,,620,1,62.0,1.0,2.1535424554741667e-09
,0.0,,,,620,2,62.0,1.0,2.7277650624379923e-12
,0.0,,,,620,3,62.0,1.0,0.9999029636383057
,1.0,,,,620,4,62.0,1.0,9.704542753752321e-05
,0.0,,,,621,1,62.099998474121094,1.0,1.1716487335888814e-08
,0.0,,,,621,2,62.099998474121094,1.0,5.926280733509204e-12
,0.0,,,,621,3,62.099998474121094,1.0,0.9999382495880127
,1.0,,,,621,4,62.099998474121094,1.0,6.170306005515158e-05
,0.0,,,,622,1,62.20000076293945,1.0,1.2803113014214773e-09
,0.0,,,,622,2,62.20000076293945,1.0,1.2110401657189351e-12
,0.0,,,,622,3,62.20000076293945,1.0,0.9999116659164429
,1.0,,,,622,4,62.20000076293945,1.0,8.83616303326562e-05
,0.0,,,,623,1,62.29999923706055,1.0,1.3242754670628187e-09
,0.0,,,,623,2,62.29999923706055,1.0,3.9685979112344394e-13
,0.0,,,,623,3,62.29999923706055,1.0,0.999982476234436
,1.0,,,,623,4,62.29999923706055,1.0,1.7562852008268237e-05
,0.0,,,,624,1,62.400001525878906,1.0,2.1068018440928427e-09
,0.0,,,,624,2,62.400001525878906,1.0,2.6986995537575664e-12
,0.0,,,,624,3,62.400001525878906,1.0,0.9999325275421143
,1.0,,,,624,4,62.400001525878906,1.0,6.742062396369874e-05
,0.0,,,,625,1,62.5,1.0,4.916509865893204e-09
,0.0,,,,625,2,62.5,1.0,2.6424192695051474e-11
,0.0,,,,625,3,62.5,1.0,0.9997041821479797
,1.0,,,,625,4,62.5,1.0,0.0002958126715384424
,0.0,,,,626,1,62.599998474121094,1.0,9.560261027274919e-09
,0.0,,,,626,2,62.599998474121094,1.0,7.270891527744183e-11
,0.0,,,,626,3,62.599998474121094,1.0,0.9996812343597412
,1.0,,,,626,4,62.599998474121094,1.0,0.0003187510883435607
,0.0,,,,627,1,62.70000076293945,1.0,6.026857590768486e-08
,0.0,,,,627,2,62.70000076293945,1.0,2.6807930875172303e-10
,0.0,,,,627,3,62.70000076293945,1.0,0.9990805387496948
,1.0,,,,627,4,62.70000076293945,1.0,0.000919310434255749
,0.0,,,,628,1,62.79999923706055,1.0,1.6073876452082914e-08
,0.0,,,,628,2,62.79999923706055,1.0,3.275808790892398e-11
,0.0,,,,628,3,62.79999923706055,1.0,0.9999744892120361
,1.0,,,,628,4,62.79999923706055,1.0,2.5541121431160718e-05
,0.0,,,,629,1,62.900001525878906,1.0,6.369572647102473e-10
,0.0,,,,629,2,62.900001525878906,1.0,3.599954752700474e-12
,0.0,,,,629,3,62.900001525878906,1.0,0.9999978542327881
,1.0,,,,629,4,62.900001525878906,1.0,2.1515575099329e-06
,0.0,,,,630,1,63.0,1.0,7.3396058120067664e-09
,0.0,,,,630,2,63.0,1.0,3.891167596470346e-11
,0.0,,,,630,3,63.0,1.0,0.9997556805610657
,1.0,,,,630,4,63.0,1.0,0.0002443534613121301
,0.0,,,,631,1,63.099998474121094,1.0,9.683209611921484e-08
,0.0,,,,631,2,63.099998474121094,1.0,3.7357419935268865e-10
,0.0,,,,631,3,63.099998474121094,1.0,0.9993711113929749
,1.0,,,,631,4,63.099998474121094,1.0,0.0006287839496508241
,0.0,,,,632,1,63.20000076293945,1.0,2.75364442359205e-08
,0.0,,,,632,2,63.20000076293945,1.0,1.8056145467681972e-09
,0.0,,,,632,3,63.20000076293945,1.0,0.9999593496322632
,1.0,,,,632,4,63.20000076293945,1.0,4.063501182827167e-05
,0.0,,,,633,1,63.29999923706055,1.0,1.324047218531632e-07
,0.0,,,,633,2,63.29999923706055,1.0,3.1783782272754024e-09
,0.0,,,,633,3,63.29999923706055,1.0,0.9999997615814209
,1.0,,,,633,4,63.29999923706055,1.0,1.144469408131954e-07
,0.0,,,,634,1,63.400001525878906,1.0,2.6037758971142466e-07
,0.0,,,,634,2,63.400001525878906,1.0,2.0441148773642226e-09
,0.0,,,,634,3,63.400001525878906,1.0,0.9999997615814209
,1.0,,,,634,4,63.400001525878906,1.0,2.4238930862452435e-09
,0.0,,,,635,1,63.5,1.0,1.1847213272631052e-06
,0.0,,,,635,2,63.5,1.0,3.6591596419555117e-09
,0.0,,,,635,3,63.5,1.0,0.999993085861206
,1.0,,,,635,4,63.5,1.0,5.739593689213507e-06
,0.0,,,,636,1,63.599998474121094,1.0,1.4539139101543697e-06
,0.0,,,,636,2,63.599998474121094,1.0,7.776120192204417e-09
,0.0,,,,636,3,63.599998474121094,1.0,0.9986909031867981
,1.0,,,,636,4,63.599998474121094,1.0,0.0013076893519610167
,0.0,,,,637,1,63.70000076293945,1.0,6.962938527976803e-07
,0.0,,,,637,2,63.70000076293945,1.0,4.280093612862856e-09
,0.0,,,,637,3,63.70000076293945,1.0,0.9999961853027344
,1.0,,,,637,4,63.70000076293945,1.0,3.156586217301083e-06
,0.0,,,,638,1,63.79999923706055,1.0,1.2922823771077674e-06
,0.0,,,,638,2,63.79999923706055,1.0,1.1696986490505878e-08
,0.0,,,,638,3,63.79999923706055,1.0,0.9999814033508301
,1.0,,,,638,4,63.79999923706055,1.0,1.7256810679100454e-05
,0.0,,,,639,1,63.900001525878906,1.0,3.210523971119983e-07
,0.0,,,,639,2,63.900001525878906,1.0,1.532694149375402e-08
,0.0,,,,639,3,63.900001525878906,1.0,0.9999986886978149
,1.0,,,,639,4,63.900001525878906,1.0,9.256000907953421e-07
,0.0,,,,640,1,64.0,1.0,5.167188987797999e-07
,0.0,,,,640,2,64.0,1.0,3.6737390907148892e-09
,0.0,,,,640,3,64.0,1.0,0.9995750784873962
,1.0,,,,640,4,64.0,1.0,0.000424402067437768
,0.0,,,,641,1,64.0999984741211,1.0,6.817637085987371e-07
,0.0,,,,641,2,64.0999984741211,1.0,7.211707342413831e-10
,0.0,,,,641,3,64.0999984741211,1.0,0.999659538269043
,1.0,,,,641,4,64.0999984741211,1.0,0.0003397158579900861
,0.0,,,,642,1,64.19999694824219,1.0,1.610923391126562e-06
,0.0,,,,642,2,64.19999694824219,1.0,3.2155875739903195e-09
,0.0,,,,642,3,64.19999694824219,1.0,0.9808192849159241
,1.0,,,,642,4,64.19999694824219,1.0,0.01917903684079647
,0.0,,,,643,1,64.30000305175781,1.0,4.991510650143027e-06
,0.0,,,,643,2,64.30000305175781,1.0,1.5550679632880815e-09
,0.0,,,,643,3,64.30000305175781,1.0,0.9663898348808289
,1.0,,,,643,4,64.30000305175781,1.0,0.033605191856622696
,0.0,,,,644,1,64.4000015258789,1.0,4.017842911707703e-06
,0.0,,,,644,2,64.4000015258789,1.0,3.860306296843419e-09
,0.0,,,,644,3,64.4000015258789,1.0,0.999795138835907
,1.0,,,,644,4,64.4000015258789,1.0,0.00020081140974070877
,0.0,,,,645,1,64.5,1.0,1.0887961252592504e-06
,0.0,,,,645,2,64.5,1.0,5.320348606119296e-09
,0.0,,,,645,3,64.5,1.0,0.8872769474983215
,1.0,,,,645,4,64.5,1.0,0.1127220168709755
,0.0,,,,646,1,64.5999984741211,1.0,5.093779122944397e-07
,0.0,,,,646,2,64.5999984741211,1.0,9.780634080414075e-10
,0.0,,,,646,3,64.5999984741211,1.0,0.9534266591072083
,1.0,,,,646,4,64.5999984741211,1.0,0.04657293111085892
,0.0,,,,647,1,64.69999694824219,1.0,2.1460125481098657e-06
,0.0,,,,647,2,64.69999694824219,1.0,7.971778792636997e-09
,0.0,,,,647,3,64.69999694824219,1.0,0.9157316088676453
,1.0,,,,647,4,64.69999694824219,1.0,0.08426623046398163
,0.0,,,,648,1,64.80000305175781,1.0,8.469202157357358e-07
,0.0,,,,648,2,64.80000305175781,1.0,1.6876632313866935e-09
,0.0,,,,648,3,64.80000305175781,1.0,0.8603977560997009
,1.0,,,,648,4,64.80000305175781,1.0,0.13960140943527222
,0.0,,,,649,1,64.9000015258789,1.0,1.0366894684921135e-06
,0.0,,,,649,2,64.9000015258789,1.0,1.2397789461715547e-08
,0.0,,,,649,3,64.9000015258789,1.0,0.8659049868583679
,1.0,,,,649,4,64.9000015258789,1.0,0.1340939700603485
,0.0,,,,650,1,65.0,1.0,9.914408565236954e-07
,0.0,,,,650,2,65.0,1.0,1.1813320099918201e-08
,0.0,,,,650,3,65.0,1.0,0.8860503435134888
,1.0,,,,650,4,65.0,1.0,0.11394870281219482
,0.0,,,,651,1,65.0999984741211,1.0,3.1741177508592955e-07
,0.0,,,,651,2,65.0999984741211,1.0,6.497248294934366e-10
,0.0,,,,651,3,65.0999984741211,1.0,0.9988487958908081
,1.0,,,,651,4,65.0999984741211,1.0,0.0011508377501741052
,0.0,,,,652,1,65.19999694824219,1.0,4.471474142064835e-07
,0.0,,,,652,2,65.19999694824219,1.0,1.1537554245322212e-10
,0.0,,,,652,3,65.19999694824219,1.0,0.9999837875366211
,1.0,,,,652,4,65.19999694824219,1.0,1.5774037819937803e-05
,0.0,,,,653,1,65.30000305175781,1.0,4.465602643222155e-08
,0.0,,,,653,2,65.30000305175781,1.0,5.8145339237869464e-11
,0.0,,,,653,3,65.30000305175781,1.0,0.9997957348823547
,1.0,,,,653,4,65.30000305175781,1.0,0.00020432272867765278
,0.0,,,,654,1,65.4000015258789,1.0,1.4047553342777519e-08
,0.0,,,,654,2,65.4000015258789,1.0,2.5854926533064315e-10
,0.0,,,,654,3,65.4000015258789,1.0,0.9999929666519165
,1.0,,,,654,4,65.4000015258789,1.0,7.015148185018916e-06
,0.0,,,,655,1,65.5,1.0,2.745902172307524e-09
,0.0,,,,655,2,65.5,1.0,8.278982499554388e-10
,0.0,,,,655,3,65.5,1.0,0.9999785423278809
,1.0,,,,655,4,65.5,1.0,2.1481630028574727e-05
,0.0,,,,656,1,65.5999984741211,1.0,2.7712918182487556e-08
,0.0,,,,656,2,65.5999984741211,1.0,1.4094982125900657e-10
,0.0,,,,656,3,65.5999984741211,1.0,1.0
,1.0,,,,656,4,65.5999984741211,1.0,2.8231921689325645e-08
,0.0,,,,657,1,65.69999694824219,1.0,1.9641703374873032e-08
,0.0,,,,657,2,65.69999694824219,1.0,6.700359017619562e-11
,0.0,,,,657,3,65.69999694824219,1.0,0.9999946355819702
,1.0,,,,657,4,65.69999694824219,1.0,5.327739472704707e-06
,0.0,,,,658,1,65.80000305175781,1.0,3.6291627480977695e-08
,0.0,,,,658,2,65.80000305175781,1.0,2.2181314562885746e-09
,0.0,,,,658,3,65.80000305175781,1.0,0.9989370703697205
,1.0,,,,658,4,65.80000305175781,1.0,0.0010628869058564305
,0.0,,,,659,1,65.9000015258789,1.0,1.514431247073844e-08
,0.0,,,,659,2,65.9000015258789,1.0,1.472283295278487e-09
,0.0,,,,659,3,65.9000015258789,1.0,0.9827902317047119
,1.0,,,,659,4,65.9000015258789,1.0,0.01720971241593361
,0.0,,,,660,1,66.0,1.0,5.434471361809301e-08
,0.0,,,,660,2,66.0,1.0,2.5566726513659432e-09
,0.0,,,,660,3,66.0,1.0,0.94204181432724
,1.0,,,,660,4,66.0,1.0,0.05795805901288986
,0.0,,,,661,1,66.0999984741211,1.0,2.2305734148631018e-08
,0.0,,,,661,2,66.0999984741211,1.0,1.2350850897568932e-10
,0.0,,,,661,3,66.0999984741211,1.0,0.4720141291618347
,1.0,,,,661,4,66.0999984741211,1.0,0.5279858708381653
,0.0,,,,662,1,66.19999694824219,1.0,1.48836161173449e-08
,0.0,,,,662,2,66.19999694824219,1.0,2.1227169327842077e-11
,0.0,,,,662,3,66.19999694824219,1.0,0.28606951236724854
,1.0,,,,662,4,66.19999694824219,1.0,0.7139304876327515
,0.0,,,,663,1,66.30000305175781,1.0,6.166113841743481e-09
,0.0,,,,663,2,66.30000305175781,1.0,1.1561452489816659e-10
,0.0,,,,663,3,66.30000305175781,1.0,0.8291118741035461
,1.0,,,,663,4,66.30000305175781,1.0,0.17088817059993744
,0.0,,,,664,1,66.4000015258789,1.0,3.7180123424462863e-09
,0.0,,,,664,2,66.4000015258789,1.0,3.2865675458904064e-11
,0.0,,,,664,3,66.4000015258789,1.0,0.970020592212677
,1.0,,,,664,4,66.4000015258789,1.0,0.02997940592467785
,0.0,,,,665,1,66.5,1.0,3.931527992051542e-09
,0.0,,,,665,2,66.5,1.0,5.68329494576858e-10
,0.0,,,,665,3,66.5,1.0,0.6513549089431763
,1.0,,,,665,4,66.5,1.0,0.3486451804637909
,0.0,,,,666,1,66.5999984741211,1.0,3.383657520839023e-10
,0.0,,,,666,2,66.5999984741211,1.0,1.3954473687682878e-10
,0.0,,,,666,3,66.5999984741211,1.0,0.03526093438267708
,1.0,,,,666,4,66.5999984741211,1.0,0.9647390842437744
,0.0,,,,667,1,66.69999694824219,1.0,9.822916785529046e-11
,0.0,,,,667,2,66.69999694824219,1.0,3.8523483014696325e-11
,0.0,,,,667,3,66.69999694824219,1.0,0.12310183793306351
,1.0,,,,667,4,66.69999694824219,1.0,0.8768981695175171
,0.0,,,,668,1,66.80000305175781,1.0,1.4477048899952383e-11
,0.0,,,,668,2,66.80000305175781,1.0,2.702945072624585e-12
,0.0,,,,668,3,66.80000305175781,1.0,0.011128437705338001
,1.0,,,,668,4,66.80000305175781,1.0,0.9888715147972107
,0.0,,,,669,1,66.9000015258789,1.0,3.7229608285116456e-11
,0.0,,,,669,2,66.9000015258789,1.0,5.330001847866916e-13
,0.0,,,,669,3,66.9000015258789,1.0,0.01261582225561142
,1.0,,,,669,4,66.9000015258789,1.0,0.9873842000961304
,0.0,,,,670,1,67.0,1.0,3.609610180199674e-11
,0.0,,,,670,2,67.0,1.0,3.868188755418167e-12
,0.0,,,,670,3,67.0,1.0,0.0824938416481018
,1.0,,,,670,4,67.0,1.0,0.9175060987472534
,0.0,,,,671,1,67.0999984741211,1.0,1.4329770703369604e-10
,0.0,,,,671,2,67.0999984741211,1.0,7.090960197492224e-12
,0.0,,,,671,3,67.0999984741211,1.0,0.3376401960849762
,1.0,,,,671,4,67.0999984741211,1.0,0.6623597741127014
,0.0,,,,672,1,67.19999694824219,1.0,4.163392894329654e-11
,0.0,,,,672,2,67.19999694824219,1.0,2.42065861712909e-13
,0.0,,,,672,3,67.19999694824219,1.0,0.48121005296707153
,1.0,,,,672,4,67.19999694824219,1.0,0.5187900066375732
,0.0,,,,673,1,67.30000305175781,1.0,2.1565178809357377e-10
,0.0,,,,673,2,67.30000305175781,1.0,1.0280079738855807e-11
,0.0,,,,673,3,67.30000305175781,1.0,0.8794577121734619
,1.0,,,,673,4,67.30000305175781,1.0,0.12054230272769928
,0.0,,,,674,1,67.4000015258789,1.0,1.495191886968783e-10
,0.0,,,,674,2,67.4000015258789,1.0,2.469002433058698e-11
,0.0,,,,674,3,67.4000015258789,1.0,0.9618664979934692
,1.0,,,,674,4,67.4000015258789,1.0,0.03813347592949867
,0.0,,,,675,1,67.5,1.0,7.622470710177964e-11
,0.0,,,,675,2,67.5,1.0,6.221869373879141e-12
,0.0,,,,675,3,67.5,1.0,0.7094722390174866
,1.0,,,,675,4,67.5,1.0,0.29052773118019104
,0.0,,,,676,1,67.5999984741211,1.0,3.919026214660448e-11
,0.0,,,,676,2,67.5999984741211,1.0,2.87520398115082e-12
,0.0,,,,676,3,67.5999984741211,1.0,0.9626818895339966
,1.0,,,,676,4,67.5999984741211,1.0,0.037318114191293716
,0.0,,,,677,1,67.69999694824219,1.0,2.3596806800196823e-11
,0.0,,,,677,2,67.69999694824219,1.0,3.0711401304006625e-12
,0.0,,,,677,3,67.69999694824219,1.0,0.5923718810081482
,1.0,,,,677,4,67.69999694824219,1.0,0.4076281189918518
,0.0,,,,678,1,67.80000305175781,1.0,9.189855820768145e-11
,0.0,,,,678,2,67.80000305175781,1.0,3.3777796098338753e-12
,0.0,,,,678,3,67.80000305175781,1.0,0.7652426362037659
,1.0,,,,678,4,67.80000305175781,1.0,0.23475733399391174
,0.0,,,,679,1,67.9000015258789,1.0,7.425295933671805e-10
,0.0,,,,679,2,67.9000015258789,1.0,1.0643459204262573e-11
,0.0,,,,679,3,67.9000015258789,1.0,0.9968687891960144
,1.0,,,,679,4,67.9000015258789,1.0,0.0031312601640820503
,0.0,,,,680,1,68.0,1.0,4.550512050505162e-11
,0.0,,,,680,2,68.0,1.0,5.614712796260524e-13
,0.0,,,,680,3,68.0,1.0,0.9988161325454712
,1.0,,,,680,4,68.0,1.0,0.0011838569771498442
,0.0,,,,681,1,68.0999984741211,1.0,1.5542359066422762e-11
,0.0,,,,681,2,68.0999984741211,1.0,1.9400312180838618e-14
,0.0,,,,681,3,68.0999984741211,1.0,0.9999991655349731
,1.0,,,,681,4,68.0999984741211,1.0,8.098895136754436e-07
,0.0,,,,682,1,68.19999694824219,1.0,1.2260129023111688e-10
,0.0,,,,682,2,68.19999694824219,1.0,3.964923956647701e-14
,0.0,,,,682,3,68.19999694824219,1.0,0.9994497895240784
,1.0,,,,682,4,68.19999694824219,1.0,0.000550221826415509
,0.0,,,,683,1,68.30000305175781,1.0,3.3410882949169718e-09
,0.0,,,,683,2,68.30000305175781,1.0,6.920300920851274e-13
,0.0,,,,683,3,68.30000305175781,1.0,0.8830344080924988
,1.0,,,,683,4,68.30000305175781,1.0,0.11696559190750122
,0.0,,,,684,1,68.4000015258789,1.0,8.495279479880935e-10
,0.0,,,,684,2,68.4000015258789,1.0,1.2140234183002636e-15
,0.0,,,,684,3,68.4000015258789,1.0,0.9908986687660217
,1.0,,,,684,4,68.4000015258789,1.0,0.009101386182010174
,0.0,,,,685,1,68.5,1.0,1.124230930571457e-09
,0.0,,,,685,2,68.5,1.0,3.6706927157983754e-16
,0.0,,,,685,3,68.5,1.0,0.9920099973678589
,1.0,,,,685,4,68.5,1.0,0.007990073412656784
,0.0,,,,686,1,68.5999984741211,1.0,1.1059023835580106e-10
,0.0,,,,686,2,68.5999984741211,1.0,1.7781900304563456e-16
,0.0,,,,686,3,68.5999984741211,1.0,0.7786914110183716
,1.0,,,,686,4,68.5999984741211,1.0,0.2213086038827896
,0.0,,,,687,1,68.69999694824219,1.0,6.586134970731905e-10
,0.0,,,,687,2,68.69999694824219,1.0,1.5986846906918461e-15
,0.0,,,,687,3,68.69999694824219,1.0,0.9174137115478516
,1.0,,,,687,4,68.69999694824219,1.0,0.08258628845214844
,0.0,,,,688,1,68.80000305175781,1.0,5.157455018611756e-10
,0.0,,,,688,2,68.80000305175781,1.0,4.540706990400665e-16
,0.0,,,,688,3,68.80000305175781,1.0,0.9552252888679504
,1.0,,,,688,4,68.80000305175781,1.0,0.04477475583553314
,0.0,,,,689,1,68.9000015258789,1.0,6.205100877565428e-10
,0.0,,,,689,2,68.9000015258789,1.0,7.165310045873039e-16
,0.0,,,,689,3,68.9000015258789,1.0,0.9765576720237732
,1.0,,,,689,4,68.9000015258789,1.0,0.023442288860678673
,0.0,,,,690,1,69.0,1.0,1.2099884427740903e-09
,0.0,,,,690,2,69.0,1.0,1.3575505042345446e-15
,0.0,,,,690,3,69.0,1.0,0.9752253890037537
,1.0,,,,690,4,69.0,1.0,0.02477455325424671
,0.0,,,,691,1,69.0999984741211,1.0,1.349830913710548e-09
,0.0,,,,691,2,69.0999984741211,1.0,6.357061678482329e-17
,0.0,,,,691,3,69.0999984741211,1.0,0.7807461023330688
,1.0,,,,691,4,69.0999984741211,1.0,0.21925392746925354
,0.0,,,,692,1,69.19999694824219,1.0,1.3568838497235447e-08
,0.0,,,,692,2,69.19999694824219,1.0,1.078827007281347e-15
,0.0,,,,692,3,69.19999694824219,1.0,0.8551267385482788
,1.0,,,,692,4,69.19999694824219,1.0,0.1448732316493988
,0.0,,,,693,1,69.30000305175781,1.0,1.780179026411588e-08
,0.0,,,,693,2,69.30000305175781,1.0,2.7981072726846953e-14
,0.0,,,,693,3,69.30000305175781,1.0,0.625037670135498
,1.0,,,,693,4,69.30000305175781,1.0,0.37496232986450195
,0.0,,,,694,1,69.4000015258789,1.0,1.3974061907617852e-08
,0.0,,,,694,2,69.4000015258789,1.0,1.486925342510277e-14
,0.0,,,,694,3,69.4000015258789,1.0,0.5299932360649109
,1.0,,,,694,4,69.4000015258789,1.0,0.4700067341327667
,0.0,,,,695,1,69.5,1.0,1.41324383307051e-08
,0.0,,,,695,2,69.5,1.0,3.1594942184439215e-14
,0.0,,,,695,3,69.5,1.0,0.992374837398529
,1.0,,,,695,4,69.5,1.0,0.007625123951584101
,0.0,,,,696,1,69.5999984741211,1.0,1.3045258207000643e-09
,0.0,,,,696,2,69.5999984741211,1.0,3.1106041967064084e-15
,0.0,,,,696,3,69.5999984741211,1.0,0.9927951693534851
,1.0,,,,696,4,69.5999984741211,1.0,0.007204768713563681
,0.0,,,,697,1,69.69999694824219,1.0,7.457338635497024e-10
,0.0,,,,697,2,69.69999694824219,1.0,2.0195667595041374e-16
,0.0,,,,697,3,69.69999694824219,1.0,0.9827654957771301
,1.0,,,,697,4,69.69999694824219,1.0,0.017234506085515022
,0.0,,,,698,1,69.80000305175781,1.0,1.8066947937711575e-09
,0.0,,,,698,2,69.80000305175781,1.0,1.636734363594575e-15
,0.0,,,,698,3,69.80000305175781,1.0,0.9730940461158752
,1.0,,,,698,4,69.80000305175781,1.0,0.026905909180641174
,0.0,,,,699,1,69.9000015258789,1.0,8.066229351122445e-10
,0.0,,,,699,2,69.9000015258789,1.0,2.557398720283389e-15
,0.0,,,,699,3,69.9000015258789,1.0,0.997385561466217
,1.0,,,,699,4,69.9000015258789,1.0,0.0026144287548959255
,0.0,,,,700,1,70.0,1.0,3.0965144337535833e-10
,0.0,,,,700,2,70.0,1.0,9.555021865346731e-16
,0.0,,,,700,3,70.0,1.0,0.932268500328064
,1.0,,,,700,4,70.0,1.0,0.06773144751787186
,0.0,,,,701,1,70.0999984741211,1.0,3.0614069612688866e-10
,0.0,,,,701,2,70.0999984741211,1.0,6.486887344750282e-17
,0.0,,,,701,3,70.0999984741211,1.0,0.5962568521499634
,0.0,,,,701,4,70.0999984741211,1.0,0.403743177652359
,0.0,,,,702,1,70.19999694824219,1.0,1.164552759780335e-10
,0.0,,,,702,2,70.19999694824219,1.0,9.007142393129704e-18
,0.0,,,,702,3,70.19999694824219,1.0,0.3484788239002228
,0.0,,,,702,4,70.19999694824219,1.0,0.6515211462974548
,0.0,,,,703,1,70.30000305175781,1.0,5.689661936036927e-11
,0.0,,,,703,2,70.30000305175781,1.0,1.1279686088884148e-18
,0.0,,,,703,3,70.30000305175781,1.0,0.20637373626232147
,0.0,,,,703,4,70.30000305175781,1.0,0.7936262488365173
,0.0,,,,704,1,70.4000015258789,1.0,1.4125756120364485e-11
,0.0,,,,704,2,70.4000015258789,1.0,1.98336830709293e-19
,0.0,,,,704,3,70.4000015258789,1.0,0.06503841280937195
,0.0,,,,704,4,70.4000015258789,1.0,0.9349615573883057
,0.0,,,,705,1,70.5,1.0,5.995740362529922e-12
,0.0,,,,705,2,70.5,1.0,2.0029882880526063e-20
,0.0,,,,705,3,70.5,1.0,0.03890198469161987
,0.0,,,,705,4,70.5,1.0,0.9610980749130249
,0.0,,,,706,1,70.5999984741211,1.0,4.1494615903026055e-12
,0.0,,,,706,2,70.5999984741211,1.0,7.971971732731844e-21
,0.0,,,,706,3,70.5999984741211,1.0,0.03528585657477379
,0.0,,,,706,4,70.5999984741211,1.0,0.9647141098976135
,0.0,,,,707,1,70.69999694824219,1.0,1.838034065226868e-12
,0.0,,,,707,2,70.69999694824219,1.0,5.594896990324526e-21
,0.0,,,,707,3,70.69999694824219,1.0,0.038178276270627975
,0.0,,,,707,4,70.69999694824219,1.0,0.9618217349052429
,0.0,,,,708,1,70.80000305175781,1.0,3.546624582559388e-12
,0.0,,,,708,2,70.80000305175781,1.0,5.1057913141323866e-21
,0.0,,,,708,3,70.80000305175781,1.0,0.052558138966560364
,0.0,,,,708,4,70.80000305175781,1.0,0.9474419355392456
,0.0,,,,709,1,70.9000015258789,1.0,3.017873060826015e-12
,0.0,,,,709,2,70.9000015258789,1.0,2.621651612362004e-21
,0.0,,,,709,3,70.9000015258789,1.0,0.07456762343645096
,0.0,,,,709,4,70.9000015258789,1.0,0.9254323840141296
,0.0,,,,710,1,71.0,1.0,2.378405632164071e-12
,0.0,,,,710,2,71.0,1.0,5.0534162006838965e-22
,0.0,,,,710,3,71.0,1.0,0.3752484619617462
,0.0,,,,710,4,71.0,1.0,0.6247515082359314
,0.0,,,,711,1,71.0999984741211,1.0,7.100112598551478e-12
,0.0,,,,711,2,71.0999984741211,1.0,2.8442169154109706e-22
,0.0,,,,711,3,71.0999984741211,1.0,0.4288312792778015
,0.0,,,,711,4,71.0999984741211,1.0,0.5711687207221985
,0.0,,,,712,1,71.19999694824219,1.0,1.455134276961978e-11
,0.0,,,,712,2,71.19999694824219,1.0,7.57847236318144e-22
,0.0,,,,712,3,71.19999694824219,1.0,0.4834655225276947
,0.0,,,,712,4,71.19999694824219,1.0,0.5165345072746277
,0.0,,,,713,1,71.30000305175781,1.0,4.121395932865646e-11
,0.0,,,,713,2,71.30000305175781,1.0,8.190921755671942e-22
,0.0,,,,713,3,71.30000305175781,1.0,0.39665231108665466
,0.0,,,,713,4,71.30000305175781,1.0,0.6033477187156677
,0.0,,,,714,1,71.4000015258789,1.0,1.540956945378369e-10
,0.0,,,,714,2,71.4000015258789,1.0,1.7837372408397856e-21
,0.0,,,,714,3,71.4000015258789,1.0,0.37874627113342285
,0.0,,,,714,4,71.4000015258789,1.0,0.6212537288665771
,0.0,,,,715,1,71.5,1.0,1.2263409732149455e-10
,0.0,,,,715,2,71.5,1.0,8.065912470012732e-21
,0.0,,,,715,3,71.5,1.0,0.5292633771896362
,0.0,,,,715,4,71.5,1.0,0.4707365930080414
,0.0,,,,716,1,71.5999984741211,1.0,1.7916317041066776e-10
,0.0,,,,716,2,71.5999984741211,1.0,2.1993830990164294e-20
,0.0,,,,716,3,71.5999984741211,1.0,0.47718867659568787
,0.0,,,,716,4,71.5999984741211,1.0,0.5228112936019897
,0.0,,,,717,1,71.69999694824219,1.0,1.324123449775172e-10
,0.0,,,,717,2,71.69999694824219,1.0,9.408939068425167e-20
,0.0,,,,717,3,71.69999694824219,1.0,0.543832540512085
,0.0,,,,717,4,71.69999694824219,1.0,0.4561675190925598
,0.0,,,,718,1,71.80000305175781,1.0,2.5100799216914993e-10
,0.0,,,,718,2,71.80000305175781,1.0,1.1000876591617025e-18
,0.0,,,,718,3,71.80000305175781,1.0,0.4352412819862366
,0.0,,,,718,4,71.80000305175781,1.0,0.5647587180137634
,0.0,,,,719,1,71.9000015258789,1.0,1.875816030283417e-10
,0.0,,,,719,2,71.9000015258789,1.0,3.0814740156575613e-18
,0.0,,,,719,3,71.9000015258789,1.0,0.5181195139884949
,0.0,,,,719,4,71.9000015258789,1.0,0.4818805158138275
,0.0,,,,720,1,72.0,1.0,2.6181726231477853e-10
,0.0,,,,720,2,72.0,1.0,7.757691040952031e-18
,0.0,,,,720,3,72.0,1.0,0.3546006977558136
,0.0,,,,720,4,72.0,1.0,0.6453993320465088
,0.0,,,,721,1,72.0999984741211,1.0,1.5377170370367566e-10
,0.0,,,,721,2,72.0999984741211,1.0,1.1334870823065164e-17
,0.0,,,,721,3,72.0999984741211,1.0,0.3573992848396301
,0.0,,,,721,4,72.0999984741211,1.0,0.6426007151603699
,0.0,,,,722,1,72.19999694824219,1.0,1.1616804046488127e-10
,0.0,,,,722,2,72.19999694824219,1.0,9.466833129305023e-18
,0.0,,,,722,3,72.19999694824219,1.0,0.4455898404121399
,0.0,,,,722,4,72.19999694824219,1.0,0.5544101595878601
,0.0,,,,723,1,72.30000305175781,1.0,4.482940407779523e-10
,0.0,,,,723,2,72.30000305175781,1.0,1.2588406793107624e-17
,0.0,,,,723,3,72.30000305175781,1.0,0.3501991033554077
,0.0,,,,723,4,72.30000305175781,1.0,0.6498008370399475
,0.0,,,,724,1,72.4000015258789,1.0,6.441610578278301e-10
,0.0,,,,724,2,72.4000015258789,1.0,1.9939203554841758e-17
,0.0,,,,724,3,72.4000015258789,1.0,0.36342093348503113
,0.0,,,,724,4,72.4000015258789,1.0,0.6365790963172913
,0.0,,,,725,1,72.5,1.0,5.398399505196494e-10
,0.0,,,,725,2,72.5,1.0,3.629378683796047e-17
,0.0,,,,725,3,72.5,1.0,0.24821515381336212
,0.0,,,,725,4,72.5,1.0,0.7517848610877991
,0.0,,,,726,1,72.5999984741211,1.0,9.059479832984607e-10
,0.0,,,,726,2,72.5999984741211,1.0,3.6618981315257116e-17
,0.0,,,,726,3,72.5999984741211,1.0,0.23178806900978088
,0.0,,,,726,4,72.5999984741211,1.0,0.7682119607925415
,0.0,,,,727,1,72.69999694824219,1.0,1.2294706364102126e-09
,0.0,,,,727,2,72.69999694824219,1.0,1.01284427889076e-17
,0.0,,,,727,3,72.69999694824219,1.0,0.17567946016788483
,0.0,,,,727,4,72.69999694824219,1.0,0.8243205547332764
,0.0,,,,728,1,72.80000305175781,1.0,1.935678284326059e-09
,0.0,,,,728,2,72.80000305175781,1.0,1.2092800701915865e-17
,0.0,,,,728,3,72.80000305175781,1.0,0.1108555942773819
,0.0,,,,728,4,72.80000305175781,1.0,0.8891444206237793
,0.0,,,,729,1,72.9000015258789,1.0,2.283862432506112e-09
,0.0,,,,729,2,72.9000015258789,1.0,1.195927224435388e-17
,0.0,,,,729,3,72.9000015258789,1.0,0.22456519305706024
,0.0,,,,729,4,72.9000015258789,1.0,0.7754347920417786
,0.0,,,,730,1,73.0,1.0,1.9887169688814765e-09
,0.0,,,,730,2,73.0,1.0,3.942607828095992e-17
,0.0,,,,730,3,73.0,1.0,0.30673468112945557
,0.0,,,,730,4,73.0,1.0,0.6932653188705444
,0.0,,,,731,1,73.0999984741211,1.0,1.703144514308974e-09
,0.0,,,,731,2,73.0999984741211,1.0,1.1033222207340962e-16
,0.0,,,,731,3,73.0999984741211,1.0,0.30621573328971863
,0.0,,,,731,4,73.0999984741211,1.0,0.693784236907959
,0.0,,,,732,1,73.19999694824219,1.0,2.6795590191142082e-09
,0.0,,,,732,2,73.19999694824219,1.0,8.766883648310614e-17
,0.0,,,,732,3,73.19999694824219,1.0,0.3826026916503906
,0.0,,,,732,4,73.19999694824219,1.0,0.6173973083496094
,0.0,,,,733,1,73.30000305175781,1.0,7.8480253407065e-09
,0.0,,,,733,2,73.30000305175781,1.0,1.3386195031518682e-16
,0.0,,,,733,3,73.30000305175781,1.0,0.28666824102401733
,0.0,,,,733,4,73.30000305175781,1.0,0.7133318185806274
,0.0,,,,734,1,73.4000015258789,1.0,4.635126504837217e-09
,0.0,,,,734,2,73.4000015258789,1.0,8.708548886279905e-17
,0.0,,,,734,3,73.4000015258789,1.0,0.24490436911582947
,0.0,,,,734,4,73.4000015258789,1.0,0.7550956010818481
,0.0,,,,735,1,73.5,1.0,5.9487681447478735e-09
,0.0,,,,735,2,73.5,1.0,3.3607550885919013e-17
,0.0,,,,735,3,73.5,1.0,0.23748749494552612
,0.0,,,,735,4,73.5,1.0,0.7625125050544739
,0.0,,,,736,1,73.5999984741211,1.0,5.993645135760062e-09
,0.0,,,,736,2,73.5999984741211,1.0,1.2020601069329786e-17
,0.0,,,,736,3,73.5999984741211,1.0,0.2253313809633255
,0.0,,,,736,4,73.5999984741211,1.0,0.7746686339378357
,0.0,,,,737,1,73.69999694824219,1.0,1.2351831557566584e-08
,0.0,,,,737,2,73.69999694824219,1.0,6.987350144190585e-18
,0.0,,,,737,3,73.69999694824219,1.0,0.15584775805473328
,0.0,,,,737,4,73.69999694824219,1.0,0.8441522121429443
,0.0,,,,738,1,73.80000305175781,1.0,1.5660219787605456e-08
,0.0,,,,738,2,73.80000305175781,1.0,3.442191557565145e-18
,0.0,,,,738,3,73.80000305175781,1.0,0.15418486297130585
,0.0,,,,738,4,73.80000305175781,1.0,0.8458150625228882
,0.0,,,,739,1,73.9000015258789,1.0,1.3570263135420646e-08
,0.0,,,,739,2,73.9000015258789,1.0,4.073036509030496e-18
,0.0,,,,739,3,73.9000015258789,1.0,0.14977993071079254
,0.0,,,,739,4,73.9000015258789,1.0,0.8502200841903687
,0.0,,,,740,1,74.0,1.0,1.4212417021042256e-08
,0.0,,,,740,2,74.0,1.0,4.299232769845878e-18
,0.0,,,,740,3,74.0,1.0,0.1511530578136444
,0.0,,,,740,4,74.0,1.0,0.848846971988678
,0.0,,,,741,1,74.0999984741211,1.0,1.0544477291318799e-08
,0.0,,,,741,2,74.0999984741211,1.0,3.2877261247236772e-18
,0.0,,,,741,3,74.0999984741211,1.0,0.1454792022705078
,0.0,,,,741,4,74.0999984741211,1.0,0.854520857334137
,0.0,,,,742,1,74.19999694824219,1.0,1.4329943454072236e-08
,0.0,,,,742,2,74.19999694824219,1.0,2.0697212843031264e-18
,0.0,,,,742,3,74.19999694824219,1.0,0.12554703652858734
,0.0,,,,742,4,74.19999694824219,1.0,0.8744529485702515
,0.0,,,,743,1,74.30000305175781,1.0,1.1905883390284089e-08
,0.0,,,,743,2,74.30000305175781,1.0,2.1769726953461394e-18
,0.0,,,,743,3,74.30000305175781,1.0,0.11676400899887085
,0.0,,,,743,4,74.30000305175781,1.0,0.8832359910011292
,0.0,,,,744,1,74.4000015258789,1.0,9.203225737053344e-09
,0.0,,,,744,2,74.4000015258789,1.0,2.7771718458873192e-18
,0.0,,,,744,3,74.4000015258789,1.0,0.17645861208438873
,0.0,,,,744,4,74.4000015258789,1.0,0.8235413432121277
,0.0,,,,745,1,74.5,1.0,1.3556229916389384e-08
,0.0,,,,745,2,74.5,1.0,4.116787332399344e-18
,0.0,,,,745,3,74.5,1.0,0.1678997278213501
,0.0,,,,745,4,74.5,1.0,0.8321002125740051
,0.0,,,,746,1,74.5999984741211,1.0,9.059171190983761e-09
,0.0,,,,746,2,74.5999984741211,1.0,2.6072435122650913e-18
,0.0,,,,746,3,74.5999984741211,1.0,0.24328270554542542
,0.0,,,,746,4,74.5999984741211,1.0,0.756717324256897
,0.0,,,,747,1,74.69999694824219,1.0,9.040088677636504e-09
,0.0,,,,747,2,74.69999694824219,1.0,3.957523218029303e-18
,0.0,,,,747,3,74.69999694824219,1.0,0.2623690664768219
,0.0,,,,747,4,74.69999694824219,1.0,0.7376309037208557
,0.0,,,,748,1,74.80000305175781,1.0,6.414713205060707e-09
,0.0,,,,748,2,74.80000305175781,1.0,1.413431430015032e-18
,0.0,,,,748,3,74.80000305175781,1.0,0.32199275493621826
,0.0,,,,748,4,74.80000305175781,1.0,0.6780072450637817
,0.0,,,,749,1,74.9000015258789,1.0,7.261643730771539e-09
,0.0,,,,749,2,74.9000015258789,1.0,3.515358371082451e-18
,0.0,,,,749,3,74.9000015258789,1.0,0.3501991033554077
,0.0,,,,749,4,74.9000015258789,1.0,0.6498008370399475
,0.0,,,,750,1,75.0,1.0,5.660110602434543e-09
,0.0,,,,750,2,75.0,1.0,3.835902025385019e-18
,0.0,,,,750,3,75.0,1.0,0.4121752083301544
,0.0,,,,750,4,75.0,1.0,0.587824821472168
,0.0,,,,751,1,75.0999984741211,1.0,5.301287853143322e-09
,0.0,,,,751,2,75.0999984741211,1.0,2.2318629532290864e-18
,0.0,,,,751,3,75.0999984741211,1.0,0.45265692472457886
,0.0,,,,751,4,75.0999984741211,1.0,0.5473431348800659
,0.0,,,,752,1,75.19999694824219,1.0,4.224630423266262e-09
,0.0,,,,752,2,75.19999694824219,1.0,1.3616930404586418e-18
,0.0,,,,752,3,75.19999694824219,1.0,0.5318173170089722
,0.0,,,,752,4,75.19999694824219,1.0,0.4681827127933502
,0.0,,,,753,1,75.30000305175781,1.0,7.0817725017491284e-09
,0.0,,,,753,2,75.30000305175781,1.0,4.772952592607673e-19
,0.0,,,,753,3,75.30000305175781,1.0,0.5837966799736023
,0.0,,,,753,4,75.30000305175781,1.0,0.4162032902240753
,0.0,,,,754,1,75.4000015258789,1.0,3.7853431500423085e-09
,0.0,,,,754,2,75.4000015258789,1.0,1.3096166442244472e-18
,0.0,,,,754,3,75.4000015258789,1.0,0.6163586974143982
,0.0,,,,754,4,75.4000015258789,1.0,0.3836413025856018
,0.0,,,,755,1,75.5,1.0,1.0686882490062999e-08
,0.0,,,,755,2,75.5,1.0,3.939060443359543e-19
,0.0,,,,755,3,75.5,1.0,0.6302298903465271
,0.0,,,,755,4,75.5,1.0,0.3697701394557953
,0.0,,,,756,1,75.5999984741211,1.0,1.122667292463575e-08
,0.0,,,,756,2,75.5999984741211,1.0,1.290692044278941e-19
,0.0,,,,756,3,75.5999984741211,1.0,0.7113306522369385
,0.0,,,,756,4,75.5999984741211,1.0,0.2886693477630615
,0.0,,,,757,1,75.69999694824219,1.0,7.406762758677132e-09
,0.0,,,,757,2,75.69999694824219,1.0,5.577128795337718e-19
,0.0,,,,757,3,75.69999694824219,1.0,0.7100254893302917
,0.0,,,,757,4,75.69999694824219,1.0,0.28997451066970825
,0.0,,,,758,1,75.80000305175781,1.0,3.799339065579943e-09
,0.0,,,,758,2,75.80000305175781,1.0,2.725816285858176e-19
,0.0,,,,758,3,75.80000305175781,1.0,0.7824131846427917
,0.0,,,,758,4,75.80000305175781,1.0,0.21758678555488586
,0.0,,,,759,1,75.9000015258789,1.0,8.428935771576107e-09
,0.0,,,,759,2,75.9000015258789,1.0,2.3681552797115525e-19
,0.0,,,,759,3,75.9000015258789,1.0,0.7411122918128967
,0.0,,,,759,4,75.9000015258789,1.0,0.2588876783847809
,0.0,,,,760,1,76.0,1.0,6.1533831363647096e-09
,0.0,,,,760,2,76.0,1.0,1.1222255972930357e-19
,0.0,,,,760,3,76.0,1.0,0.799207329750061
,0.0,,,,760,4,76.0,1.0,0.20079264044761658
,0.0,,,,761,1,76.0999984741211,1.0,3.681476234973502e-09
,0.0,,,,761,2,76.0999984741211,1.0,1.8950084863191035e-19
,0.0,,,,761,3,76.0999984741211,1.0,0.8574102520942688
,0.0,,,,761,4,76.0999984741211,1.0,0.14258968830108643
,0.0,,,,762,1,76.19999694824219,1.0,7.73106023643777e-09
,0.0,,,,762,2,76.19999694824219,1.0,3.6822312029194847e-19
,0.0,,,,762,3,76.19999694824219,1.0,0.8328492641448975
,0.0,,,,762,4,76.19999694824219,1.0,0.16715067625045776
,0.0,,,,763,1,76.30000305175781,1.0,1.005038008372594e-08
,0.0,,,,763,2,76.30000305175781,1.0,2.3766403433387566e-19
,0.0,,,,763,3,76.30000305175781,1.0,0.7975567579269409
,0.0,,,,763,4,76.30000305175781,1.0,0.2024431824684143
,0.0,,,,764,1,76.4000015258789,1.0,2.8295014331547463e-08
,0.0,,,,764,2,76.4000015258789,1.0,5.686900832502333e-19
,0.0,,,,764,3,76.4000015258789,1.0,0.7617157697677612
,0.0,,,,764,4,76.4000015258789,1.0,0.23828421533107758
,0.0,,,,765,1,76.5,1.0,7.004778268537848e-08
,0.0,,,,765,2,76.5,1.0,2.7912607479718404e-19
,0.0,,,,765,3,76.5,1.0,0.7519214749336243
,0.0,,,,765,4,76.5,1.0,0.24807848036289215
,0.0,,,,766,1,76.5999984741211,1.0,5.260585211885882e-08
,0.0,,,,766,2,76.5999984741211,1.0,3.051494353620437e-19
,0.0,,,,766,3,76.5999984741211,1.0,0.764715850353241
,0.0,,,,766,4,76.5999984741211,1.0,0.2352840155363083
,0.0,,,,767,1,76.69999694824219,1.0,8.101893911316438e-08
,0.0,,,,767,2,76.69999694824219,1.0,8.232039934569673e-19
,0.0,,,,767,3,76.69999694824219,1.0,0.6957516074180603
,0.0,,,,767,4,76.69999694824219,1.0,0.3042483329772949
,0.0,,,,768,1,76.80000305175781,1.0,5.640392330974464e-08
,0.0,,,,768,2,76.80000305175781,1.0,8.209275924112213e-19
,0.0,,,,768,3,76.80000305175781,1.0,0.6366919875144958
,0.0,,,,768,4,76.80000305175781,1.0,0.3633079528808594
,0.0,,,,769,1,76.9000015258789,1.0,3.654648139672645e-08
,0.0,,,,769,2,76.9000015258789,1.0,4.972525942010459e-19
,0.0,,,,769,3,76.9000015258789,1.0,0.7100254893302917
,0.0,,,,769,4,76.9000015258789,1.0,0.28997451066970825
,0.0,,,,770,1,77.0,1.0,1.8808943735848516e-08
,0.0,,,,770,2,77.0,1.0,7.142357173538122e-19
,0.0,,,,770,3,77.0,1.0,0.6724392771720886
,0.0,,,,770,4,77.0,1.0,0.32756075263023376
,0.0,,,,771,1,77.0999984741211,1.0,1.860325760105752e-08
,0.0,,,,771,2,77.0999984741211,1.0,2.39061555978784e-19
,0.0,,,,771,3,77.0999984741211,1.0,0.665410578250885
,0.0,,,,771,4,77.0999984741211,1.0,0.3345894515514374
,0.0,,,,772,1,77.19999694824219,1.0,4.3957708584230204e-08
,0.0,,,,772,2,77.19999694824219,1.0,2.31035060603664e-19
,0.0,,,,772,3,77.19999694824219,1.0,0.577852725982666
,0.0,,,,772,4,77.19999694824219,1.0,0.4221472442150116
,0.0,,,,773,1,77.30000305175781,1.0,5.2572428188568665e-08
,0.0,,,,773,2,77.30000305175781,1.0,8.593269837318551e-20
,0.0,,,,773,3,77.30000305175781,1.0,0.5252470374107361
,0.0,,,,773,4,77.30000305175781,1.0,0.47475290298461914
,0.0,,,,774,1,77.4000015258789,1.0,7.854012551433698e-08
,0.0,,,,774,2,77.4000015258789,1.0,1.1384809887994098e-19
,0.0,,,,774,3,77.4000015258789,1.0,0.44275692105293274
,0.0,,,,774,4,77.4000015258789,1.0,0.5572429895401001
,0.0,,,,775,1,77.5,1.0,6.470005331493667e-08
,0.0,,,,775,2,77.5,1.0,2.817346793317495e-20
,0.0,,,,775,3,77.5,1.0,0.45725786685943604
,0.0,,,,775,4,77.5,1.0,0.5427420735359192
,0.0,,,,776,1,77.5999984741211,1.0,6.446514788649438e-08
,0.0,,,,776,2,77.5999984741211,1.0,6.113373959831477e-20
,0.0,,,,776,3,77.5999984741211,1.0,0.42883121967315674
,0.0,,,,776,4,77.5999984741211,1.0,0.5711686611175537
,0.0,,,,777,1,77.69999694824219,1.0,6.839005095571338e-08
,0.0,,,,777,2,77.69999694824219,1.0,2.111021662655469e-19
,0.0,,,,777,3,77.69999694824219,1.0,0.39641860127449036
,0.0,,,,777,4,77.69999694824219,1.0,0.6035813689231873
,0.0,,,,778,1,77.80000305175781,1.0,7.387686906668023e-08
,0.0,,,,778,2,77.80000305175781,1.0,1.1607326642649691e-19
,0.0,,,,778,3,77.80000305175781,1.0,0.34831252694129944
,0.0,,,,778,4,77.80000305175781,1.0,0.6516873836517334
,0.0,,,,779,1,77.9000015258789,1.0,6.402775198921518e-08
,0.0,,,,779,2,77.9000015258789,1.0,9.335706442350374e-20
,0.0,,,,779,3,77.9000015258789,1.0,0.35465651750564575
,0.0,,,,779,4,77.9000015258789,1.0,0.6453434228897095
,0.0,,,,780,1,78.0,1.0,7.094314469213714e-08
,0.0,,,,780,2,78.0,1.0,2.2207262975248582e-20
,0.0,,,,780,3,78.0,1.0,0.3344807028770447
,0.0,,,,780,4,78.0,1.0,0.6655191779136658
,0.0,,,,781,1,78.0999984741211,1.0,5.162790728263644e-08
,0.0,,,,781,2,78.0999984741211,1.0,2.528490597821611e-21
,0.0,,,,781,3,78.0999984741211,1.0,0.4326625466346741
,0.0,,,,781,4,78.0999984741211,1.0,0.5673373937606812
,0.0,,,,782,1,78.19999694824219,1.0,5.999058316774608e-08
,0.0,,,,782,2,78.19999694824219,1.0,2.572646613674814e-21
,0.0,,,,782,3,78.19999694824219,1.0,0.4139508605003357
,0.0,,,,782,4,78.19999694824219,1.0,0.5860490798950195
,0.0,,,,783,1,78.30000305175781,1.0,7.012962299768333e-08
,0.0,,,,783,2,78.30000305175781,1.0,6.054488716857932e-21
,0.0,,,,783,3,78.30000305175781,1.0,0.34786930680274963
,0.0,,,,783,4,78.30000305175781,1.0,0.6521306037902832
,0.0,,,,784,1,78.4000015258789,1.0,9.662778666097438e-08
,0.0,,,,784,2,78.4000015258789,1.0,1.3753881011740112e-20
,0.0,,,,784,3,78.4000015258789,1.0,0.28537189960479736
,0.0,,,,784,4,78.4000015258789,1.0,0.7146279215812683
,0.0,,,,785,1,78.5,1.0,9.993292593435399e-08
,0.0,,,,785,2,78.5,1.0,5.810086249534349e-20
,0.0,,,,785,3,78.5,1.0,0.3416922688484192
,0.0,,,,785,4,78.5,1.0,0.6583075523376465
,0.0,,,,786,1,78.5999984741211,1.0,8.428735043253255e-08
,0.0,,,,786,2,78.5999984741211,1.0,1.2777358755704317e-20
,0.0,,,,786,3,78.5999984741211,1.0,0.33090347051620483
,0.0,,,,786,4,78.5999984741211,1.0,0.6690964698791504
,0.0,,,,787,1,78.69999694824219,1.0,8.333524448289609e-08
,0.0,,,,787,2,78.69999694824219,1.0,1.991339743258527e-20
,0.0,,,,787,3,78.69999694824219,1.0,0.3056972920894623
,0.0,,,,787,4,78.69999694824219,1.0,0.6943026185035706
,0.0,,,,788,1,78.80000305175781,1.0,7.484058528461901e-08
,0.0,,,,788,2,78.80000305175781,1.0,1.793602379386439e-20
,0.0,,,,788,3,78.80000305175781,1.0,0.23678083717823029
,0.0,,,,788,4,78.80000305175781,1.0,0.7632190585136414
,0.0,,,,789,1,78.9000015258789,1.0,6.272150443464852e-08
,0.0,,,,789,2,78.9000015258789,1.0,7.794488984757368e-21
,0.0,,,,789,3,78.9000015258789,1.0,0.2619912326335907
,0.0,,,,789,4,78.9000015258789,1.0,0.7380086779594421
,0.0,,,,790,1,79.0,1.0,7.390671896700951e-08
,0.0,,,,790,2,79.0,1.0,2.4115342466209672e-20
,0.0,,,,790,3,79.0,1.0,0.1786690652370453
,0.0,,,,790,4,79.0,1.0,0.8213307857513428
,0.0,,,,791,1,79.0999984741211,1.0,1.1902387342388465e-07
,0.0,,,,791,2,79.0999984741211,1.0,4.7236617400109474e-20
,0.0,,,,791,3,79.0999984741211,1.0,0.17589165270328522
,0.0,,,,791,4,79.0999984741211,1.0,0.8241081833839417
,0.0,,,,792,1,79.19999694824219,1.0,2.1444911624257657e-07
,0.0,,,,792,2,79.19999694824219,1.0,2.0636779802959964e-19
,0.0,,,,792,3,79.19999694824219,1.0,0.19034744799137115
,0.0,,,,792,4,79.19999694824219,1.0,0.8096523284912109
,0.0,,,,793,1,79.30000305175781,1.0,2.507176475319284e-07
,0.0,,,,793,2,79.30000305175781,1.0,6.58084215831875e-19
,0.0,,,,793,3,79.30000305175781,1.0,0.13980688154697418
,0.0,,,,793,4,79.30000305175781,1.0,0.8601928949356079
,0.0,,,,794,1,79.4000015258789,1.0,1.9095891445886082e-07
,0.0,,,,794,2,79.4000015258789,1.0,1.1907018831468599e-18
,0.0,,,,794,3,79.4000015258789,1.0,0.095265232026577
,0.0,,,,794,4,79.4000015258789,1.0,0.9047344923019409
,0.0,,,,795,1,79.5,1.0,2.1051303633612406e-07
,0.0,,,,795,2,79.5,1.0,2.2241523891491733e-18
,0.0,,,,795,3,79.5,1.0,0.08787642419338226
,0.0,,,,795,4,79.5,1.0,0.9121233820915222
,0.0,,,,796,1,79.5999984741211,1.0,1.6814480829907552e-07
,0.0,,,,796,2,79.5999984741211,1.0,2.2688720478104745e-18
,0.0,,,,796,3,79.5999984741211,1.0,0.074972964823246
,0.0,,,,796,4,79.5999984741211,1.0,0.9250268936157227
,0.0,,,,797,1,79.69999694824219,1.0,1.734861569957502e-07
,0.0,,,,797,2,79.69999694824219,1.0,8.214707502206966e-18
,0.0,,,,797,3,79.69999694824219,1.0,0.07359632104635239
,0.0,,,,797,4,79.69999694824219,1.0,0.9264035224914551
,0.0,,,,798,1,79.80000305175781,1.0,2.8297958465373085e-07
,0.0,,,,798,2,79.80000305175781,1.0,1.7673362296795678e-17
,0.0,,,,798,3,79.80000305175781,1.0,0.08838653564453125
,0.0,,,,798,4,79.80000305175781,1.0,0.9116131663322449
,0.0,,,,799,1,79.9000015258789,1.0,4.972775400347018e-07
,0.0,,,,799,2,79.9000015258789,1.0,9.529009483536552e-17
,0.0,,,,799,3,79.9000015258789,1.0,0.10356710851192474
,0.0,,,,799,4,79.9000015258789,1.0,0.8964323997497559
,0.0,,,,800,1,80.0,1.0,7.273537221408333e-07
,0.0,,,,800,2,80.0,1.0,4.905323969249303e-16
,0.0,,,,800,3,80.0,1.0,0.10715679079294205
,0.0,,,,800,4,80.0,1.0,0.8928425312042236
,0.0,,,,801,1,80.0999984741211,1.0,1.0503113117010798e-06
,0.0,,,,801,2,80.0999984741211,1.0,3.9315436587458296e-15
,0.0,,,,801,3,80.0999984741211,1.0,0.11172475665807724
,0.0,,,,801,4,80.0999984741211,1.0,0.8882742524147034
,0.0,,,,802,1,80.19999694824219,1.0,7.016458880571008e-07
,0.0,,,,802,2,80.19999694824219,1.0,1.18457218860335e-14
,0.0,,,,802,3,80.19999694824219,1.0,0.09782040119171143
,0.0,,,,802,4,80.19999694824219,1.0,0.9021788835525513
,0.0,,,,803,1,80.30000305175781,1.0,1.3381938970269402e-06
,0.0,,,,803,2,80.30000305175781,1.0,1.1576385466546824e-12
,0.0,,,,803,3,80.30000305175781,1.0,0.09017296135425568
,0.0,,,,803,4,80.30000305175781,1.0,0.9098257422447205
,0.0,,,,804,1,80.4000015258789,1.0,1.3784223256152472e-06
,0.0,,,,804,2,80.4000015258789,1.0,1.0736031204675034e-12
,0.0,,,,804,3,80.4000015258789,1.0,0.11269756406545639
,0.0,,,,804,4,80.4000015258789,1.0,0.8873010277748108
,0.0,,,,805,1,80.5,1.0,9.776982778930687e-07
,0.0,,,,805,2,80.5,1.0,1.0282101775907493e-12
,0.0,,,,805,3,80.5,1.0,0.12836101651191711
,0.0,,,,805,4,80.5,1.0,0.8716379404067993
,0.0,,,,806,1,80.5999984741211,1.0,9.452809877075197e-07
,0.0,,,,806,2,80.5999984741211,1.0,6.315914588203575e-13
,0.0,,,,806,3,80.5999984741211,1.0,0.14940710365772247
,0.0,,,,806,4,80.5999984741211,1.0,0.8505920171737671
,0.0,,,,807,1,80.69999694824219,1.0,1.274583723898104e-06
,0.0,,,,807,2,80.69999694824219,1.0,1.0232397611512067e-12
,0.0,,,,807,3,80.69999694824219,1.0,0.1686512678861618
,0.0,,,,807,4,80.69999694824219,1.0,0.8313475251197815
,0.0,,,,808,1,80.80000305175781,1.0,1.0925472224698751e-06
,0.0,,,,808,2,80.80000305175781,1.0,5.707401239986309e-13
,0.0,,,,808,3,80.80000305175781,1.0,0.1391620934009552
,0.0,,,,808,4,80.80000305175781,1.0,0.8608368635177612
,0.0,,,,809,1,80.9000015258789,1.0,1.555039602862962e-06
,0.0,,,,809,2,80.9000015258789,1.0,7.281798861807909e-13
,0.0,,,,809,3,80.9000015258789,1.0,0.13540326058864594
,0.0,,,,809,4,80.9000015258789,1.0,0.8645951151847839
,0.0,,,,810,1,81.0,1.0,1.5424315051859594e-06
,0.0,,,,810,2,81.0,1.0,5.502839937193693e-13
,0.0,,,,810,3,81.0,1.0,0.13863641023635864
,0.0,,,,810,4,81.0,1.0,0.861362099647522
,0.0,,,,811,1,81.0999984741211,1.0,1.6627826653348166e-06
,0.0,,,,811,2,81.0999984741211,1.0,2.8049150458883676e-13
,0.0,,,,811,3,81.0999984741211,1.0,0.12896308302879333
,0.0,,,,811,4,81.0999984741211,1.0,0.8710352778434753
,0.0,,,,812,1,81.19999694824219,1.0,2.35328070630203e-06
,0.0,,,,812,2,81.19999694824219,1.0,8.777118571876019e-13
,0.0,,,,812,3,81.19999694824219,1.0,0.13603317737579346
,0.0,,,,812,4,81.19999694824219,1.0,0.8639644980430603
,0.0,,,,813,1,81.30000305175781,1.0,2.180727278755512e-06
,0.0,,,,813,2,81.30000305175781,1.0,2.070896188907656e-12
,0.0,,,,813,3,81.30000305175781,1.0,0.10641145706176758
,0.0,,,,813,4,81.30000305175781,1.0,0.8935863375663757
,0.0,,,,814,1,81.4000015258789,1.0,2.9794232432323042e-06
,0.0,,,,814,2,81.4000015258789,1.0,2.6001785360246776e-12
,0.0,,,,814,3,81.4000015258789,1.0,0.11114435642957687
,0.0,,,,814,4,81.4000015258789,1.0,0.8888526558876038
,0.0,,,,815,1,81.5,1.0,3.3291075851593632e-06
,0.0,,,,815,2,81.5,1.0,1.017387671504999e-12
,0.0,,,,815,3,81.5,1.0,0.09790635854005814
,0.0,,,,815,4,81.5,1.0,0.902090311050415
,0.0,,,,816,1,81.5999984741211,1.0,3.381620672371355e-06
,0.0,,,,816,2,81.5999984741211,1.0,3.434638641205967e-13
,0.0,,,,816,3,81.5999984741211,1.0,0.1144670844078064
,0.0,,,,816,4,81.5999984741211,1.0,0.8855295181274414
,0.0,,,,817,1,81.69999694824219,1.0,3.8615412449871656e-06
,0.0,,,,817,2,81.69999694824219,1.0,4.185241563037234e-13
,0.0,,,,817,3,81.69999694824219,1.0,0.10804728418588638
,0.0,,,,817,4,81.69999694824219,1.0,0.8919488787651062
,0.0,,,,818,1,81.80000305175781,1.0,3.4041001981677255e-06
,0.0,,,,818,2,81.80000305175781,1.0,1.3833686529195893e-13
,0.0,,,,818,3,81.80000305175781,1.0,0.10158909857273102
,0.0,,,,818,4,81.80000305175781,1.0,0.898407518863678
,0.0,,,,819,1,81.9000015258789,1.0,4.5993692765478045e-06
,0.0,,,,819,2,81.9000015258789,1.0,3.698502956802838e-14
,0.0,,,,819,3,81.9000015258789,1.0,0.12781524658203125
,0.0,,,,819,4,81.9000015258789,1.0,0.872180163860321
,0.0,,,,820,1,82.0,1.0,6.0266925174801145e-06
,0.0,,,,820,2,82.0,1.0,4.7502044751021946e-14
,0.0,,,,820,3,82.0,1.0,0.14529629051685333
,0.0,,,,820,4,82.0,1.0,0.8546976447105408
,0.0,,,,821,1,82.0999984741211,1.0,6.7140208557248116e-06
,0.0,,,,821,2,82.0999984741211,1.0,3.9770599059027814e-14
,0.0,,,,821,3,82.0999984741211,1.0,0.15558993816375732
,0.0,,,,821,4,82.0999984741211,1.0,0.8444032669067383
,0.0,,,,822,1,82.19999694824219,1.0,6.576136911462527e-06
,0.0,,,,822,2,82.19999694824219,1.0,1.442156940742456e-14
,0.0,,,,822,3,82.19999694824219,1.0,0.15661916136741638
,0.0,,,,822,4,82.19999694824219,1.0,0.8433743119239807
,0.0,,,,823,1,82.30000305175781,1.0,9.827904250414576e-06
,0.0,,,,823,2,82.30000305175781,1.0,1.4748019293428158e-14
,0.0,,,,823,3,82.30000305175781,1.0,0.17258810997009277
,0.0,,,,823,4,82.30000305175781,1.0,0.8274020552635193
,0.0,,,,824,1,82.4000015258789,1.0,9.345479156763759e-06
,0.0,,,,824,2,82.4000015258789,1.0,1.230390064192819e-14
,0.0,,,,824,3,82.4000015258789,1.0,0.16735313832759857
,0.0,,,,824,4,82.4000015258789,1.0,0.8326374888420105
,0.0,,,,825,1,82.5,1.0,1.000329757516738e-05
,0.0,,,,825,2,82.5,1.0,6.657935616401819e-15
,0.0,,,,825,3,82.5,1.0,0.16478344798088074
,0.0,,,,825,4,82.5,1.0,0.8352065086364746
,0.0,,,,826,1,82.5999984741211,1.0,1.1631070265138987e-05
,0.0,,,,826,2,82.5999984741211,1.0,1.3291198857116014e-14
,0.0,,,,826,3,82.5999984741211,1.0,0.17016099393367767
,0.0,,,,826,4,82.5999984741211,1.0,0.8298273682594299
,0.0,,,,827,1,82.69999694824219,1.0,1.3607149412564468e-05
,0.0,,,,827,2,82.69999694824219,1.0,2.0319795244203367e-14
,0.0,,,,827,3,82.69999694824219,1.0,0.15405546128749847
,0.0,,,,827,4,82.69999694824219,1.0,0.8459309339523315
,0.0,,,,828,1,82.80000305175781,1.0,1.6680471162544563e-05
,0.0,,,,828,2,82.80000305175781,1.0,1.0967391071378153e-14
,0.0,,,,828,3,82.80000305175781,1.0,0.18802247941493988
,0.0,,,,828,4,82.80000305175781,1.0,0.8119608759880066
,0.0,,,,829,1,82.9000015258789,1.0,1.745963527355343e-05
,0.0,,,,829,2,82.9000015258789,1.0,1.8539846561590285e-15
,0.0,,,,829,3,82.9000015258789,1.0,0.22084228694438934
,0.0,,,,829,4,82.9000015258789,1.0,0.7791402339935303
,0.0,,,,830,1,83.0,1.0,2.0021607269882225e-05
,0.0,,,,830,2,83.0,1.0,2.774223272912729e-15
,0.0,,,,830,3,83.0,1.0,0.2810051739215851
,0.0,,,,830,4,83.0,1.0,0.718974769115448
,0.0,,,,831,1,83.0999984741211,1.0,1.8205095329903997e-05
,0.0,,,,831,2,83.0999984741211,1.0,2.886445821061504e-15
,0.0,,,,831,3,83.0999984741211,1.0,0.2620809078216553
,0.0,,,,831,4,83.0999984741211,1.0,0.7379009127616882
,0.0,,,,832,1,83.19999694824219,1.0,2.0501885956036858e-05
,0.0,,,,832,2,83.19999694824219,1.0,1.5688230735319878e-15
,0.0,,,,832,3,83.19999694824219,1.0,0.24408762156963348
,0.0,,,,832,4,83.19999694824219,1.0,0.7558918595314026
,0.0,,,,833,1,83.30000305175781,1.0,1.214125040860381e-05
,0.0,,,,833,2,83.30000305175781,1.0,1.53925781202455e-15
,0.0,,,,833,3,83.30000305175781,1.0,0.19690100848674774
,0.0,,,,833,4,83.30000305175781,1.0,0.8030868172645569
,0.0,,,,834,1,83.4000015258789,1.0,1.0436108823341783e-05
,0.0,,,,834,2,83.4000015258789,1.0,2.117377597920752e-15
,0.0,,,,834,3,83.4000015258789,1.0,0.15462954342365265
,0.0,,,,834,4,83.4000015258789,1.0,0.8453600406646729
,0.0,,,,835,1,83.5,1.0,8.488958883390296e-06
,0.0,,,,835,2,83.5,1.0,6.543579921654502e-16
,0.0,,,,835,3,83.5,1.0,0.17659907042980194
,0.0,,,,835,4,83.5,1.0,0.823392391204834
,0.0,,,,836,1,83.5999984741211,1.0,5.845894065714674e-06
,0.0,,,,836,2,83.5999984741211,1.0,7.171767745653567e-17
,0.0,,,,836,3,83.5999984741211,1.0,0.20386478304862976
,0.0,,,,836,4,83.5999984741211,1.0,0.7961293458938599
,0.0,,,,837,1,83.69999694824219,1.0,5.711243829864543e-06
,0.0,,,,837,2,83.69999694824219,1.0,1.7364276334747888e-17
,0.0,,,,837,3,83.69999694824219,1.0,0.20995403826236725
,0.0,,,,837,4,83.69999694824219,1.0,0.7900402545928955
,0.0,,,,838,1,83.80000305175781,1.0,3.673087348943227e-06
,0.0,,,,838,2,83.80000305175781,1.0,3.6575730522568555e-18
,0.0,,,,838,3,83.80000305175781,1.0,0.18884631991386414
,0.0,,,,838,4,83.80000305175781,1.0,0.811150074005127
,0.0,,,,839,1,83.9000015258789,1.0,4.883227120444644e-06
,0.0,,,,839,2,83.9000015258789,1.0,3.636588720887304e-18
,0.0,,,,839,3,83.9000015258789,1.0,0.19977496564388275
,0.0,,,,839,4,83.9000015258789,1.0,0.8002201914787292
,0.0,,,,840,1,84.0,1.0,2.991926749018603e-06
,0.0,,,,840,2,84.0,1.0,6.661683760354476e-18
,0.0,,,,840,3,84.0,1.0,0.1761035919189453
,0.0,,,,840,4,84.0,1.0,0.8238934278488159
,0.0,,,,841,1,84.0999984741211,1.0,2.0395957562868716e-06
,0.0,,,,841,2,84.0999984741211,1.0,1.709677605081559e-17
,0.0,,,,841,3,84.0999984741211,1.0,0.16465041041374207
,0.0,,,,841,4,84.0999984741211,1.0,0.835347592830658
,0.0,,,,842,1,84.19999694824219,1.0,1.3198929309510277e-06
,0.0,,,,842,2,84.19999694824219,1.0,1.5809681363321854e-17
,0.0,,,,842,3,84.19999694824219,1.0,0.13234607875347137
,0.0,,,,842,4,84.19999694824219,1.0,0.8676526546478271
,0.0,,,,843,1,84.30000305175781,1.0,9.687489637144608e-07
,0.0,,,,843,2,84.30000305175781,1.0,2.155187487707514e-17
,0.0,,,,843,3,84.30000305175781,1.0,0.11930537968873978
,0.0,,,,843,4,84.30000305175781,1.0,0.8806936740875244
,0.0,,,,844,1,84.4000015258789,1.0,2.74451707582557e-07
,0.0,,,,844,2,84.4000015258789,1.0,8.83624108831196e-18
,0.0,,,,844,3,84.4000015258789,1.0,0.11153115332126617
,0.0,,,,844,4,84.4000015258789,1.0,0.8884685039520264
,0.0,,,,845,1,84.5,1.0,1.5300646794003114e-07
,0.0,,,,845,2,84.5,1.0,2.2756248194591124e-17
,0.0,,,,845,3,84.5,1.0,0.0978204533457756
,0.0,,,,845,4,84.5,1.0,0.9021793603897095
,0.0,,,,846,1,84.5999984741211,1.0,1.9177664967173769e-07
,0.0,,,,846,2,84.5999984741211,1.0,2.136231816790249e-17
,0.0,,,,846,3,84.5999984741211,1.0,0.09227795153856277
,0.0,,,,846,4,84.5999984741211,1.0,0.9077218770980835
,0.0,,,,847,1,84.69999694824219,1.0,1.8869421580802737e-07
,0.0,,,,847,2,84.69999694824219,1.0,3.9731473363114497e-17
,0.0,,,,847,3,84.69999694824219,1.0,0.09589838981628418
,0.0,,,,847,4,84.69999694824219,1.0,0.9041013717651367
,0.0,,,,848,1,84.80000305175781,1.0,2.156972129796486e-07
,0.0,,,,848,2,84.80000305175781,1.0,1.9648497546004897e-17
,0.0,,,,848,3,84.80000305175781,1.0,0.08795472234487534
,0.0,,,,848,4,84.80000305175781,1.0,0.9120450019836426
,0.0,,,,849,1,84.9000015258789,1.0,4.7138854597505997e-07
,0.0,,,,849,2,84.9000015258789,1.0,3.420147649189944e-17
,0.0,,,,849,3,84.9000015258789,1.0,0.08655478805303574
,0.0,,,,849,4,84.9000015258789,1.0,0.9134447574615479
,0.0,,,,850,1,85.0,1.0,1.014159494161504e-07
,0.0,,,,850,2,85.0,1.0,4.3094468787677437e-17
,0.0,,,,850,3,85.0,1.0,0.06838178634643555
,0.0,,,,850,4,85.0,1.0,0.9316180944442749
,0.0,,,,851,1,85.0999984741211,1.0,3.314857721647968e-08
,0.0,,,,851,2,85.0999984741211,1.0,1.5260110836147748e-17
,0.0,,,,851,3,85.0999984741211,1.0,0.07974616438150406
,0.0,,,,851,4,85.0999984741211,1.0,0.9202537536621094
,0.0,,,,852,1,85.19999694824219,1.0,1.682423977911185e-08
,0.0,,,,852,2,85.19999694824219,1.0,1.872529946230794e-17
,0.0,,,,852,3,85.19999694824219,1.0,0.07565305382013321
,0.0,,,,852,4,85.19999694824219,1.0,0.924346923828125
,0.0,,,,853,1,85.30000305175781,1.0,5.472104547266099e-09
,0.0,,,,853,2,85.30000305175781,1.0,1.1223909506974851e-17
,0.0,,,,853,3,85.30000305175781,1.0,0.06941547244787216
,0.0,,,,853,4,85.30000305175781,1.0,0.9305844902992249
,0.0,,,,854,1,85.4000015258789,1.0,1.501979873808068e-09
,0.0,,,,854,2,85.4000015258789,1.0,3.1190343847581855e-17
,0.0,,,,854,3,85.4000015258789,1.0,0.06614568084478378
,0.0,,,,854,4,85.4000015258789,1.0,0.933854341506958
,0.0,,,,855,1,85.5,1.0,3.6500416578100214e-10
,0.0,,,,855,2,85.5,1.0,8.398196841586542e-18
,0.0,,,,855,3,85.5,1.0,0.0616496242582798
,0.0,,,,855,4,85.5,1.0,0.9383503198623657
,0.0,,,,856,1,85.5999984741211,1.0,1.1812004152567113e-10
,0.0,,,,856,2,85.5999984741211,1.0,4.739643580303811e-18
,0.0,,,,856,3,85.5999984741211,1.0,0.05823862925171852
,0.0,,,,856,4,85.5999984741211,1.0,0.9417614340782166
,0.0,,,,857,1,85.69999694824219,1.0,2.3456224809703663e-11
,0.0,,,,857,2,85.69999694824219,1.0,1.5502558921253112e-18
,0.0,,,,857,3,85.69999694824219,1.0,0.040941473096609116
,0.0,,,,857,4,85.69999694824219,1.0,0.9590585827827454
,0.0,,,,858,1,85.80000305175781,1.0,4.429771219977008e-12
,0.0,,,,858,2,85.80000305175781,1.0,4.994796746027683e-19
,0.0,,,,858,3,85.80000305175781,1.0,0.04401864856481552
,0.0,,,,858,4,85.80000305175781,1.0,0.9559813141822815
,0.0,,,,859,1,85.9000015258789,1.0,3.7955253631878627e-13
,0.0,,,,859,2,85.9000015258789,1.0,2.555878232863751e-19
,0.0,,,,859,3,85.9000015258789,1.0,0.03659692034125328
,0.0,,,,859,4,85.9000015258789,1.0,0.9634031057357788
,0.0,,,,860,1,86.0,1.0,4.1751114555638874e-14
,0.0,,,,860,2,86.0,1.0,4.399399185071918e-20
,0.0,,,,860,3,86.0,1.0,0.033526163548231125
,0.0,,,,860,4,86.0,1.0,0.9664738178253174
,0.0,,,,861,1,86.0999984741211,1.0,1.2570836298991805e-14
,0.0,,,,861,2,86.0999984741211,1.0,5.589632599648737e-21
,0.0,,,,861,3,86.0999984741211,1.0,0.05374995619058609
,0.0,,,,861,4,86.0999984741211,1.0,0.9462500810623169
,0.0,,,,862,1,86.19999694824219,1.0,2.2528636942076297e-15
,0.0,,,,862,2,86.19999694824219,1.0,8.858909682193292e-21
,0.0,,,,862,3,86.19999694824219,1.0,0.0778675377368927
,0.0,,,,862,4,86.19999694824219,1.0,0.9221324920654297
,0.0,,,,863,1,86.30000305175781,1.0,7.580652651559185e-16
,0.0,,,,863,2,86.30000305175781,1.0,3.559539121574674e-20
,0.0,,,,863,3,86.30000305175781,1.0,0.06866228580474854
,0.0,,,,863,4,86.30000305175781,1.0,0.9313377141952515
,0.0,,,,864,1,86.4000015258789,1.0,4.296687783255236e-17
,0.0,,,,864,2,86.4000015258789,1.0,1.3205497222173142e-21
,0.0,,,,864,3,86.4000015258789,1.0,0.03649376332759857
,0.0,,,,864,4,86.4000015258789,1.0,0.9635062217712402
,0.0,,,,865,1,86.5,1.0,4.5334616161536395e-17
,0.0,,,,865,2,86.5,1.0,1.2792068474610018e-21
,0.0,,,,865,3,86.5,1.0,0.026155618950724602
,0.0,,,,865,4,86.5,1.0,0.9738444089889526
,0.0,,,,866,1,86.5999984741211,1.0,1.4623658220514747e-17
,0.0,,,,866,2,86.5999984741211,1.0,2.188283995211748e-22
,0.0,,,,866,3,86.5999984741211,1.0,0.010418376885354519
,0.0,,,,866,4,86.5999984741211,1.0,0.9895815849304199
,0.0,,,,867,1,86.69999694824219,1.0,1.6343749905431257e-18
,0.0,,,,867,2,86.69999694824219,1.0,7.674302049987985e-23
,0.0,,,,867,3,86.69999694824219,1.0,0.008457903750240803
,0.0,,,,867,4,86.69999694824219,1.0,0.9915421009063721
,0.0,,,,868,1,86.80000305175781,1.0,1.3771980240530655e-18
,0.0,,,,868,2,86.80000305175781,1.0,2.315932481293691e-23
,0.0,,,,868,3,86.80000305175781,1.0,0.009250096045434475
,0.0,,,,868,4,86.80000305175781,1.0,0.9907498955726624
,0.0,,,,869,1,86.9000015258789,1.0,3.1946782836776005e-19
,0.0,,,,869,2,86.9000015258789,1.0,1.3826130005258918e-23
,0.0,,,,869,3,86.9000015258789,1.0,0.007039045449346304
,0.0,,,,869,4,86.9000015258789,1.0,0.9929609894752502
,0.0,,,,870,1,87.0,1.0,3.902379636083762e-21
,0.0,,,,870,2,87.0,1.0,8.090017863087526e-24
,0.0,,,,870,3,87.0,1.0,0.0024630071129649878
,0.0,,,,870,4,87.0,1.0,0.9975370168685913
,0.0,,,,871,1,87.0999984741211,1.0,2.648959326328114e-22
,0.0,,,,871,2,87.0999984741211,1.0,1.9545448876479965e-24
,0.0,,,,871,3,87.0999984741211,1.0,0.003013131208717823
,0.0,,,,871,4,87.0999984741211,1.0,0.9969869256019592
,0.0,,,,872,1,87.19999694824219,1.0,1.0271947804588772e-22
,0.0,,,,872,2,87.19999694824219,1.0,6.601015984604475e-25
,0.0,,,,872,3,87.19999694824219,1.0,0.009874165058135986
,0.0,,,,872,4,87.19999694824219,1.0,0.9901257753372192
,0.0,,,,873,1,87.30000305175781,1.0,4.542058134128891e-22
,0.0,,,,873,2,87.30000305175781,1.0,4.693297880290398e-25
,0.0,,,,873,3,87.30000305175781,1.0,0.00529417535290122
,0.0,,,,873,4,87.30000305175781,1.0,0.994705855846405
,0.0,,,,874,1,87.4000015258789,1.0,7.754235747792219e-23
,0.0,,,,874,2,87.4000015258789,1.0,2.6284588982169917e-25
,0.0,,,,874,3,87.4000015258789,1.0,0.0030101987067610025
,0.0,,,,874,4,87.4000015258789,1.0,0.9969897270202637
,0.0,,,,875,1,87.5,1.0,5.895228226653729e-23
,0.0,,,,875,2,87.5,1.0,1.8617203644877387e-25
,0.0,,,,875,3,87.5,1.0,0.008519547991454601
,0.0,,,,875,4,87.5,1.0,0.9914804697036743
,0.0,,,,876,1,87.5999984741211,1.0,1.540640046751353e-22
,0.0,,,,876,2,87.5999984741211,1.0,1.359665002280348e-25
,0.0,,,,876,3,87.5999984741211,1.0,0.003476650919765234
,0.0,,,,876,4,87.5999984741211,1.0,0.9965233206748962
,0.0,,,,877,1,87.69999694824219,1.0,2.4721201563236664e-23
,0.0,,,,877,2,87.69999694824219,1.0,6.929093035360909e-27
,0.0,,,,877,3,87.69999694824219,1.0,0.0016452716663479805
,0.0,,,,877,4,87.69999694824219,1.0,0.9983547329902649
,0.0,,,,878,1,87.80000305175781,1.0,5.1766270601840456e-23
,0.0,,,,878,2,87.80000305175781,1.0,1.6927747467967783e-27
,0.0,,,,878,3,87.80000305175781,1.0,0.0027995635755360126
,0.0,,,,878,4,87.80000305175781,1.0,0.9972004890441895
,0.0,,,,879,1,87.9000015258789,1.0,1.1756999126823043e-23
,0.0,,,,879,2,87.9000015258789,1.0,2.919094701815061e-28
,0.0,,,,879,3,87.9000015258789,1.0,0.0012060013832524419
,0.0,,,,879,4,87.9000015258789,1.0,0.9987939596176147
,0.0,,,,880,1,88.0,1.0,4.849176262680959e-23
,0.0,,,,880,2,88.0,1.0,3.9336442631216326e-28
,0.0,,,,880,3,88.0,1.0,0.002227840479463339
,0.0,,,,880,4,88.0,1.0,0.9977721571922302
,0.0,,,,881,1,88.0999984741211,1.0,3.0355796773236975e-23
,0.0,,,,881,2,88.0999984741211,1.0,5.529473666900785e-29
,0.0,,,,881,3,88.0999984741211,1.0,0.0004218209069222212
,0.0,,,,881,4,88.0999984741211,1.0,0.9995781779289246
,0.0,,,,882,1,88.19999694824219,1.0,1.2117828838036566e-23
,0.0,,,,882,2,88.19999694824219,1.0,1.5195239390119086e-28
,0.0,,,,882,3,88.19999694824219,1.0,0.0012503189500421286
,0.0,,,,882,4,88.19999694824219,1.0,0.9987496137619019
,0.0,,,,883,1,88.30000305175781,1.0,3.3183263584166334e-23
,0.0,,,,883,2,88.30000305175781,1.0,8.424819245089121e-29
,0.0,,,,883,3,88.30000305175781,1.0,0.00023095725919120014
,0.0,,,,883,4,88.30000305175781,1.0,0.9997690320014954
,0.0,,,,884,1,88.4000015258789,1.0,3.6131260768348774e-22
,0.0,,,,884,2,88.4000015258789,1.0,1.0681243582758067e-28
,0.0,,,,884,3,88.4000015258789,1.0,0.00022837861615698785
,0.0,,,,884,4,88.4000015258789,1.0,0.9997716546058655
,0.0,,,,885,1,88.5,1.0,5.36915342348641e-22
,0.0,,,,885,2,88.5,1.0,5.96596342023117e-29
,0.0,,,,885,3,88.5,1.0,0.00012749763845931739
,0.0,,,,885,4,88.5,1.0,0.9998724460601807
,0.0,,,,886,1,88.5999984741211,1.0,3.945624763716037e-22
,0.0,,,,886,2,88.5999984741211,1.0,7.570394267883199e-30
,0.0,,,,886,3,88.5999984741211,1.0,8.493535278830677e-05
,0.0,,,,886,4,88.5999984741211,1.0,0.9999150037765503
,0.0,,,,887,1,88.69999694824219,1.0,5.640139008897842e-23
,0.0,,,,887,2,88.69999694824219,1.0,2.2378685292762446e-30
,0.0,,,,887,3,88.69999694824219,1.0,5.625021003652364e-05
,0.0,,,,887,4,88.69999694824219,1.0,0.999943733215332
,0.0,,,,888,1,88.80000305175781,1.0,1.4909284306414767e-22
,0.0,,,,888,2,88.80000305175781,1.0,1.770135941660326e-30
,0.0,,,,888,3,88.80000305175781,1.0,0.0001486932160332799
,0.0,,,,888,4,88.80000305175781,1.0,0.9998512268066406
,0.0,,,,889,1,88.9000015258789,1.0,8.98641767530346e-22
,0.0,,,,889,2,88.9000015258789,1.0,3.5229974766178043e-31
,0.0,,,,889,3,88.9000015258789,1.0,0.00022027573140803725
,0.0,,,,889,4,88.9000015258789,1.0,0.9997797608375549
,0.0,,,,890,1,89.0,1.0,5.092003489634963e-21
,0.0,,,,890,2,89.0,1.0,2.0633339492525934e-31
,0.0,,,,890,3,89.0,1.0,5.310100459610112e-05
,0.0,,,,890,4,89.0,1.0,0.9999469518661499
,0.0,,,,891,1,89.0999984741211,1.0,7.729567625523851e-22
,0.0,,,,891,2,89.0999984741211,1.0,4.968561889640383e-32
,0.0,,,,891,3,89.0999984741211,1.0,2.769405909930356e-06
,0.0,,,,891,4,89.0999984741211,1.0,0.9999972581863403
,0.0,,,,892,1,89.19999694824219,1.0,1.5377217662730146e-22
,0.0,,,,892,2,89.19999694824219,1.0,1.4969331341178482e-32
,0.0,,,,892,3,89.19999694824219,1.0,7.572227787022712e-06
,0.0,,,,892,4,89.19999694824219,1.0,0.9999923706054688
,0.0,,,,893,1,89.30000305175781,1.0,1.745870478506886e-22
,0.0,,,,893,2,89.30000305175781,1.0,5.665086006198759e-33
,0.0,,,,893,3,89.30000305175781,1.0,9.39620440476574e-06
,0.0,,,,893,4,89.30000305175781,1.0,0.9999905824661255
,0.0,,,,894,1,89.4000015258789,1.0,6.784776308591275e-22
,0.0,,,,894,2,89.4000015258789,1.0,2.4894520179378554e-33
,0.0,,,,894,3,89.4000015258789,1.0,3.1906795356917428e-06
,0.0,,,,894,4,89.4000015258789,1.0,0.9999967813491821
,0.0,,,,895,1,89.5,1.0,2.794004719725077e-22
,0.0,,,,895,2,89.5,1.0,4.265200895899532e-34
,0.0,,,,895,3,89.5,1.0,1.5361488294729497e-06
,0.0,,,,895,4,89.5,1.0,0.9999984502792358
,0.0,,,,896,1,89.5999984741211,1.0,1.2010995456680838e-22
,0.0,,,,896,2,89.5999984741211,1.0,1.7954481199416686e-34
,0.0,,,,896,3,89.5999984741211,1.0,1.8358377928962e-06
,0.0,,,,896,4,89.5999984741211,1.0,0.9999982118606567
,0.0,,,,897,1,89.69999694824219,1.0,4.1635631766748286e-22
,0.0,,,,897,2,89.69999694824219,1.0,1.130852014113934e-33
,0.0,,,,897,3,89.69999694824219,1.0,3.206682958989404e-05
,0.0,,,,897,4,89.69999694824219,1.0,0.9999679327011108
,0.0,,,,898,1,89.80000305175781,1.0,1.6667314728676836e-21
,0.0,,,,898,2,89.80000305175781,1.0,1.660502034274617e-33
,0.0,,,,898,3,89.80000305175781,1.0,0.00016069530101958662
,0.0,,,,898,4,89.80000305175781,1.0,0.9998393058776855
,0.0,,,,899,1,89.9000015258789,1.0,4.462515711333646e-22
,0.0,,,,899,2,89.9000015258789,1.0,4.904301562407263e-34
,0.0,,,,899,3,89.9000015258789,1.0,2.655853495525662e-05
,0.0,,,,899,4,89.9000015258789,1.0,0.9999734163284302
,0.0,,,,900,1,90.0,1.0,2.4400292946992756e-23
,0.0,,,,900,2,90.0,1.0,3.3721929904367062e-34
,0.0,,,,900,3,90.0,1.0,6.420788122341037e-05
,0.0,,,,900,4,90.0,1.0,0.9999357461929321
,0.0,,,,901,1,90.0999984741211,1.0,1.561700518773528e-23
,0.0,,,,901,2,90.0999984741211,1.0,1.992221397288882e-34
,0.0,,,,901,3,90.0999984741211,1.0,1.0031548299593851e-05
,0.0,,,,901,4,90.0999984741211,1.0,0.9999899864196777
,0.0,,,,902,1,90.19999694824219,1.0,2.6633388091262275e-22
,0.0,,,,902,2,90.19999694824219,1.0,1.4094123083416494e-33
,0.0,,,,902,3,90.19999694824219,1.0,4.539786823443137e-05
,0.0,,,,902,4,90.19999694824219,1.0,0.9999545812606812
,0.0,,,,903,1,90.30000305175781,1.0,4.907380250425465e-22
,0.0,,,,903,2,90.30000305175781,1.0,1.2533461478157976e-33
,0.0,,,,903,3,90.30000305175781,1.0,0.00021381292026489973
,0.0,,,,903,4,90.30000305175781,1.0,0.9997861981391907
,0.0,,,,904,1,90.4000015258789,1.0,1.3590349262563582e-21
,0.0,,,,904,2,90.4000015258789,1.0,5.354199066310454e-34
,0.0,,,,904,3,90.4000015258789,1.0,0.00014876583009026945
,0.0,,,,904,4,90.4000015258789,1.0,0.9998512268066406
,0.0,,,,905,1,90.5,1.0,2.03169674635606e-21
,0.0,,,,905,2,90.5,1.0,1.706131051553692e-33
,0.0,,,,905,3,90.5,1.0,0.00039608083898201585
,0.0,,,,905,4,90.5,1.0,0.9996039271354675
,0.0,,,,906,1,90.5999984741211,1.0,7.284992882374173e-23
,0.0,,,,906,2,90.5999984741211,1.0,6.189734825950796e-35
,0.0,,,,906,3,90.5999984741211,1.0,7.916274626040831e-06
,0.0,,,,906,4,90.5999984741211,1.0,0.9999921321868896
,0.0,,,,907,1,90.69999694824219,1.0,2.0508598311963356e-21
,0.0,,,,907,2,90.69999694824219,1.0,8.926057578251499e-34
,0.0,,,,907,3,90.69999694824219,1.0,0.00028559661586768925
,0.0,,,,907,4,90.69999694824219,1.0,0.9997144341468811
,0.0,,,,908,1,90.80000305175781,1.0,4.016679194632398e-21
,0.0,,,,908,2,90.80000305175781,1.0,6.737621378226415e-33
,0.0,,,,908,3,90.80000305175781,1.0,0.003376612439751625
,0.0,,,,908,4,90.80000305175781,1.0,0.9966233968734741
,0.0,,,,909,1,90.9000015258789,1.0,4.3831004958303555e-20
,0.0,,,,909,2,90.9000015258789,1.0,1.9720822035892205e-32
,0.0,,,,909,3,90.9000015258789,1.0,0.05665242299437523
,0.0,,,,909,4,90.9000015258789,1.0,0.9433475732803345
,0.0,,,,910,1,91.0,1.0,1.3421440839405458e-20
,0.0,,,,910,2,91.0,1.0,5.223499063684889e-33
,0.0,,,,910,3,91.0,1.0,0.020884215831756592
,0.0,,,,910,4,91.0,1.0,0.9791157841682434
,0.0,,,,911,1,91.0999984741211,1.0,7.530729844865191e-21
,0.0,,,,911,2,91.0999984741211,1.0,6.791270205713975e-33
,0.0,,,,911,3,91.0999984741211,1.0,0.04191090911626816
,0.0,,,,911,4,91.0999984741211,1.0,0.9580890536308289
,0.0,,,,912,1,91.19999694824219,1.0,2.4458231448332776e-19
,0.0,,,,912,2,91.19999694824219,1.0,2.2976666615865437e-32
,0.0,,,,912,3,91.19999694824219,1.0,0.13139598071575165
,0.0,,,,912,4,91.19999694824219,1.0,0.8686040639877319
,0.0,,,,913,1,91.30000305175781,1.0,5.355845573770595e-19
,0.0,,,,913,2,91.30000305175781,1.0,3.239021786445026e-32
,0.0,,,,913,3,91.30000305175781,1.0,0.37399014830589294
,0.0,,,,913,4,91.30000305175781,1.0,0.6260098814964294
,0.0,,,,914,1,91.4000015258789,1.0,1.6332698772447548e-18
,0.0,,,,914,2,91.4000015258789,1.0,2.8758986510381626e-32
,0.0,,,,914,3,91.4000015258789,1.0,0.0568091981112957
,0.0,,,,914,4,91.4000015258789,1.0,0.9431908130645752
,0.0,,,,915,1,91.5,1.0,3.979661549071427e-17
,0.0,,,,915,2,91.5,1.0,1.3289382112034853e-31
,0.0,,,,915,3,91.5,1.0,0.1550784707069397
,0.0,,,,915,4,91.5,1.0,0.8449215292930603
,0.0,,,,916,1,91.5999984741211,1.0,3.534041949209023e-16
,0.0,,,,916,2,91.5999984741211,1.0,2.7115154051293424e-31
,0.0,,,,916,3,91.5999984741211,1.0,0.7993640899658203
,0.0,,,,916,4,91.5999984741211,1.0,0.20063599944114685
,0.0,,,,917,1,91.69999694824219,1.0,2.1878004730208463e-16
,0.0,,,,917,2,91.69999694824219,1.0,1.8076572864056637e-32
,0.0,,,,917,3,91.69999694824219,1.0,0.9590010046958923
,0.0,,,,917,4,91.69999694824219,1.0,0.04099902883172035
,0.0,,,,918,1,91.80000305175781,1.0,3.1044202209167416e-16
,0.0,,,,918,2,91.80000305175781,1.0,5.178157675179781e-33
,0.0,,,,918,3,91.80000305175781,1.0,0.9467446208000183
,0.0,,,,918,4,91.80000305175781,1.0,0.05325542762875557
,0.0,,,,919,1,91.9000015258789,1.0,1.4865149762231561e-15
,0.0,,,,919,2,91.9000015258789,1.0,8.289077760692041e-33
,0.0,,,,919,3,91.9000015258789,1.0,0.9775429368019104
,0.0,,,,919,4,91.9000015258789,1.0,0.022457053884863853
,0.0,,,,920,1,92.0,1.0,1.1777734786522134e-15
,0.0,,,,920,2,92.0,1.0,3.0856399774718725e-33
,0.0,,,,920,3,92.0,1.0,0.9940080642700195
,0.0,,,,920,4,92.0,1.0,0.005991951562464237
,0.0,,,,921,1,92.0999984741211,1.0,2.362968448230032e-15
,0.0,,,,921,2,92.0999984741211,1.0,1.66971728550369e-32
,0.0,,,,921,3,92.0999984741211,1.0,0.9867580533027649
,0.0,,,,921,4,92.0999984741211,1.0,0.013241949491202831
,0.0,,,,922,1,92.19999694824219,1.0,8.530063083016324e-15
,0.0,,,,922,2,92.19999694824219,1.0,6.639336679249431e-32
,0.0,,,,922,3,92.19999694824219,1.0,0.9752489924430847
,0.0,,,,922,4,92.19999694824219,1.0,0.0247509703040123
,0.0,,,,923,1,92.30000305175781,1.0,2.643968452108094e-14
,0.0,,,,923,2,92.30000305175781,1.0,3.454793648691004e-31
,0.0,,,,923,3,92.30000305175781,1.0,0.970422625541687
,0.0,,,,923,4,92.30000305175781,1.0,0.029577353969216347
,0.0,,,,924,1,92.4000015258789,1.0,5.377163016066777e-14
,0.0,,,,924,2,92.4000015258789,1.0,4.477025870558731e-31
,0.0,,,,924,3,92.4000015258789,1.0,0.8475897312164307
,0.0,,,,924,4,92.4000015258789,1.0,0.1524103283882141
,0.0,,,,925,1,92.5,1.0,2.1145431326058395e-12
,0.0,,,,925,2,92.5,1.0,2.0802326679609184e-30
,0.0,,,,925,3,92.5,1.0,0.8036365509033203
,0.0,,,,925,4,92.5,1.0,0.19636347889900208
,0.0,,,,926,1,92.5999984741211,1.0,1.3663402874397601e-11
,0.0,,,,926,2,92.5999984741211,1.0,4.5488110536142944e-30
,0.0,,,,926,3,92.5999984741211,1.0,0.9010533690452576
,0.0,,,,926,4,92.5999984741211,1.0,0.09894657880067825
,0.0,,,,927,1,92.69999694824219,1.0,1.4921737456763395e-11
,0.0,,,,927,2,92.69999694824219,1.0,1.1640920932351305e-29
,0.0,,,,927,3,92.69999694824219,1.0,0.7853085398674011
,0.0,,,,927,4,92.69999694824219,1.0,0.2146914005279541
,0.0,,,,928,1,92.80000305175781,1.0,3.285650180748223e-12
,0.0,,,,928,2,92.80000305175781,1.0,6.1279114838309624e-30
,0.0,,,,928,3,92.80000305175781,1.0,0.913135826587677
,0.0,,,,928,4,92.80000305175781,1.0,0.0868641659617424
,0.0,,,,929,1,92.9000015258789,1.0,1.1019562866365629e-11
,0.0,,,,929,2,92.9000015258789,1.0,4.2143229135736876e-30
,0.0,,,,929,3,92.9000015258789,1.0,0.9947391152381897
,0.0,,,,929,4,92.9000015258789,1.0,0.005260852165520191
,0.0,,,,930,1,93.0,1.0,4.398748032485855e-11
,0.0,,,,930,2,93.0,1.0,3.504414904569723e-29
,0.0,,,,930,3,93.0,1.0,0.9898499250411987
,0.0,,,,930,4,93.0,1.0,0.010150015354156494
,0.0,,,,931,1,93.0999984741211,1.0,1.3792153530367557e-10
,0.0,,,,931,2,93.0999984741211,1.0,1.0147361357699343e-28
,0.0,,,,931,3,93.0999984741211,1.0,0.9761291742324829
,0.0,,,,931,4,93.0999984741211,1.0,0.023870835080742836
,0.0,,,,932,1,93.19999694824219,1.0,6.661596274604165e-10
,0.0,,,,932,2,93.19999694824219,1.0,2.791236305408324e-28
,0.0,,,,932,3,93.19999694824219,1.0,0.866189181804657
,0.0,,,,932,4,93.19999694824219,1.0,0.133810892701149
,0.0,,,,933,1,93.30000305175781,1.0,3.2754218781683164e-10
,0.0,,,,933,2,93.30000305175781,1.0,1.5998220972951102e-28
,0.0,,,,933,3,93.30000305175781,1.0,0.9453489780426025
,0.0,,,,933,4,93.30000305175781,1.0,0.054651036858558655
,0.0,,,,934,1,93.4000015258789,1.0,7.321780404190292e-10
,0.0,,,,934,2,93.4000015258789,1.0,2.518625495863929e-28
,0.0,,,,934,3,93.4000015258789,1.0,0.9684410095214844
,0.0,,,,934,4,93.4000015258789,1.0,0.03155902028083801
,0.0,,,,935,1,93.5,1.0,5.017903453863326e-11
,0.0,,,,935,2,93.5,1.0,2.0094816001996151e-28
,0.0,,,,935,3,93.5,1.0,0.9587892293930054
,0.0,,,,935,4,93.5,1.0,0.041210729628801346
,0.0,,,,936,1,93.5999984741211,1.0,3.9897579684478046e-10
,0.0,,,,936,2,93.5999984741211,1.0,3.2349462497295954e-28
,0.0,,,,936,3,93.5999984741211,1.0,0.956043004989624
,0.0,,,,936,4,93.5999984741211,1.0,0.043957050889730453
,0.0,,,,937,1,93.69999694824219,1.0,3.1788394139198317e-10
,0.0,,,,937,2,93.69999694824219,1.0,5.337861693027484e-28
,0.0,,,,937,3,93.69999694824219,1.0,0.9742639064788818
,0.0,,,,937,4,93.69999694824219,1.0,0.025736061856150627
,0.0,,,,938,1,93.80000305175781,1.0,1.327120968674933e-09
,0.0,,,,938,2,93.80000305175781,1.0,6.574528754820235e-28
,0.0,,,,938,3,93.80000305175781,1.0,0.9851503968238831
,0.0,,,,938,4,93.80000305175781,1.0,0.014849557541310787
,0.0,,,,939,1,93.9000015258789,1.0,1.2342226130002132e-09
,0.0,,,,939,2,93.9000015258789,1.0,1.4468306040036117e-27
,0.0,,,,939,3,93.9000015258789,1.0,0.8473372459411621
,0.0,,,,939,4,93.9000015258789,1.0,0.15266281366348267
,0.0,,,,940,1,94.0,1.0,1.525618520403782e-10
,0.0,,,,940,2,94.0,1.0,7.369497746859871e-28
,0.0,,,,940,3,94.0,1.0,0.9449946880340576
,0.0,,,,940,4,94.0,1.0,0.055005285888910294
,0.0,,,,941,1,94.0999984741211,1.0,7.964710141417086e-11
,0.0,,,,941,2,94.0999984741211,1.0,3.3557201128359037e-28
,0.0,,,,941,3,94.0999984741211,1.0,0.9956176280975342
,0.0,,,,941,4,94.0999984741211,1.0,0.004382336512207985
,0.0,,,,942,1,94.19999694824219,1.0,8.032234599664179e-11
,0.0,,,,942,2,94.19999694824219,1.0,2.1563672214919256e-28
,0.0,,,,942,3,94.19999694824219,1.0,0.9884918928146362
,0.0,,,,942,4,94.19999694824219,1.0,0.011508149094879627
,0.0,,,,943,1,94.30000305175781,1.0,2.9340557761159403e-10
,0.0,,,,943,2,94.30000305175781,1.0,4.001570367812712e-28
,0.0,,,,943,3,94.30000305175781,1.0,0.9861780405044556
,0.0,,,,943,4,94.30000305175781,1.0,0.013821962289512157
,0.0,,,,944,1,94.4000015258789,1.0,3.4342878540982724e-10
,0.0,,,,944,2,94.4000015258789,1.0,8.879623268113792e-28
,0.0,,,,944,3,94.4000015258789,1.0,0.9782188534736633
,0.0,,,,944,4,94.4000015258789,1.0,0.02178117260336876
,0.0,,,,945,1,94.5,1.0,1.4405850123910824e-10
,0.0,,,,945,2,94.5,1.0,1.6077185545118437e-27
,0.0,,,,945,3,94.5,1.0,0.39326852560043335
,0.0,,,,945,4,94.5,1.0,0.6067315340042114
,0.0,,,,946,1,94.5999984741211,1.0,1.2807303828576977e-10
,0.0,,,,946,2,94.5999984741211,1.0,7.53933587900566e-28
,0.0,,,,946,3,94.5999984741211,1.0,0.5253688097000122
,0.0,,,,946,4,94.5999984741211,1.0,0.4746311902999878
,0.0,,,,947,1,94.69999694824219,1.0,7.747680275116409e-11
,0.0,,,,947,2,94.69999694824219,1.0,4.420540297550871e-28
,0.0,,,,947,3,94.69999694824219,1.0,0.4339814782142639
,0.0,,,,947,4,94.69999694824219,1.0,0.5660185217857361
,0.0,,,,948,1,94.80000305175781,1.0,6.797660351276491e-11
,0.0,,,,948,2,94.80000305175781,1.0,3.970469969588261e-28
,0.0,,,,948,3,94.80000305175781,1.0,0.2183358520269394
,0.0,,,,948,4,94.80000305175781,1.0,0.7816640734672546
,0.0,,,,949,1,94.9000015258789,1.0,7.648225802681097e-12
,0.0,,,,949,2,94.9000015258789,1.0,3.682418016714741e-28
,0.0,,,,949,3,94.9000015258789,1.0,0.27963173389434814
,0.0,,,,949,4,94.9000015258789,1.0,0.7203682661056519
,0.0,,,,950,1,95.0,1.0,3.565033337982193e-11
,0.0,,,,950,2,95.0,1.0,1.0031648116263155e-27
,0.0,,,,950,3,95.0,1.0,0.5460120439529419
,0.0,,,,950,4,95.0,1.0,0.4539879858493805
,0.0,,,,951,1,95.0999984741211,1.0,4.5288089250972163e-11
,0.0,,,,951,2,95.0999984741211,1.0,2.2322103908501435e-27
,0.0,,,,951,3,95.0999984741211,1.0,0.7097237706184387
,0.0,,,,951,4,95.0999984741211,1.0,0.2902761995792389
,0.0,,,,952,1,95.19999694824219,1.0,2.6030188421399814e-11
,0.0,,,,952,2,95.19999694824219,1.0,1.6006289174970626e-27
,0.0,,,,952,3,95.19999694824219,1.0,0.5086661577224731
,0.0,,,,952,4,95.19999694824219,1.0,0.49133390188217163
,0.0,,,,953,1,95.30000305175781,1.0,7.287089334728769e-12
,0.0,,,,953,2,95.30000305175781,1.0,2.8874557654299104e-28
,0.0,,,,953,3,95.30000305175781,1.0,0.18374003469944
,0.0,,,,953,4,95.30000305175781,1.0,0.8162599205970764
,0.0,,,,954,1,95.4000015258789,1.0,3.1038401016036943e-12
,0.0,,,,954,2,95.4000015258789,1.0,1.1491707403424028e-28
,0.0,,,,954,3,95.4000015258789,1.0,0.028247779235243797
,0.0,,,,954,4,95.4000015258789,1.0,0.9717521667480469
,0.0,,,,955,1,95.5,1.0,1.5499213024128267e-11
,0.0,,,,955,2,95.5,1.0,2.762767208970392e-28
,0.0,,,,955,3,95.5,1.0,0.18787655234336853
,0.0,,,,955,4,95.5,1.0,0.8121234178543091
,0.0,,,,956,1,95.5999984741211,1.0,3.709203777457759e-11
,0.0,,,,956,2,95.5999984741211,1.0,2.880002657286375e-28
,0.0,,,,956,3,95.5999984741211,1.0,0.1669468730688095
,0.0,,,,956,4,95.5999984741211,1.0,0.8330531716346741
,0.0,,,,957,1,95.69999694824219,1.0,2.6904126496085645e-11
,0.0,,,,957,2,95.69999694824219,1.0,8.66145344253112e-29
,0.0,,,,957,3,95.69999694824219,1.0,0.0893750861287117
,0.0,,,,957,4,95.69999694824219,1.0,0.9106248617172241
,0.0,,,,958,1,95.80000305175781,1.0,1.300829756412103e-11
,0.0,,,,958,2,95.80000305175781,1.0,2.2068481925614347e-29
,0.0,,,,958,3,95.80000305175781,1.0,0.014545513316988945
,0.0,,,,958,4,95.80000305175781,1.0,0.9854544401168823
,0.0,,,,959,1,95.9000015258789,1.0,1.7750420924778076e-11
,0.0,,,,959,2,95.9000015258789,1.0,2.6875166723301863e-29
,0.0,,,,959,3,95.9000015258789,1.0,0.06536578387022018
,0.0,,,,959,4,95.9000015258789,1.0,0.9346341490745544
,0.0,,,,960,1,96.0,1.0,2.2309714839408024e-12
,0.0,,,,960,2,96.0,1.0,2.6877781775054476e-30
,0.0,,,,960,3,96.0,1.0,0.009205455891788006
,0.0,,,,960,4,96.0,1.0,0.9907945990562439
,0.0,,,,961,1,96.0999984741211,1.0,3.478101866846023e-13
,0.0,,,,961,2,96.0999984741211,1.0,2.4275098574000535e-31
,0.0,,,,961,3,96.0999984741211,1.0,0.002058753278106451
,0.0,,,,961,4,96.0999984741211,1.0,0.9979411959648132
,0.0,,,,962,1,96.19999694824219,1.0,5.799967168866604e-13
,0.0,,,,962,2,96.19999694824219,1.0,3.961993365096233e-31
,0.0,,,,962,3,96.19999694824219,1.0,0.001923919771797955
,0.0,,,,962,4,96.19999694824219,1.0,0.9980760812759399
,0.0,,,,963,1,96.30000305175781,1.0,6.89666531349109e-13
,0.0,,,,963,2,96.30000305175781,1.0,2.35622764486732e-31
,0.0,,,,963,3,96.30000305175781,1.0,0.0006148269167169929
,0.0,,,,963,4,96.30000305175781,1.0,0.9993851184844971
,0.0,,,,964,1,96.4000015258789,1.0,4.501987324601053e-12
,0.0,,,,964,2,96.4000015258789,1.0,1.0077208381463738e-30
,0.0,,,,964,3,96.4000015258789,1.0,0.003935823682695627
,0.0,,,,964,4,96.4000015258789,1.0,0.9960641264915466
,0.0,,,,965,1,96.5,1.0,2.0720744998287133e-12
,0.0,,,,965,2,96.5,1.0,7.893549890065494e-31
,0.0,,,,965,3,96.5,1.0,0.006453738082200289
,0.0,,,,965,4,96.5,1.0,0.993546187877655
,0.0,,,,966,1,96.5999984741211,1.0,8.149065623686003e-12
,0.0,,,,966,2,96.5999984741211,1.0,3.0802211983071313e-30
,0.0,,,,966,3,96.5999984741211,1.0,0.022127151489257812
,0.0,,,,966,4,96.5999984741211,1.0,0.9778728485107422
,0.0,,,,967,1,96.69999694824219,1.0,3.0146475593628708e-12
,0.0,,,,967,2,96.69999694824219,1.0,7.488687442308955e-30
,0.0,,,,967,3,96.69999694824219,1.0,0.03943488001823425
,0.0,,,,967,4,96.69999694824219,1.0,0.9605651497840881
,0.0,,,,968,1,96.80000305175781,1.0,6.205861779323696e-12
,0.0,,,,968,2,96.80000305175781,1.0,2.2761109528192298e-29
,0.0,,,,968,3,96.80000305175781,1.0,0.32327327132225037
,0.0,,,,968,4,96.80000305175781,1.0,0.676726758480072
,0.0,,,,969,1,96.9000015258789,1.0,1.1713447052585924e-11
,0.0,,,,969,2,96.9000015258789,1.0,3.1019400833227546e-29
,0.0,,,,969,3,96.9000015258789,1.0,0.4293097257614136
,0.0,,,,969,4,96.9000015258789,1.0,0.5706902742385864
,0.0,,,,970,1,97.0,1.0,1.8228621737059747e-11
,0.0,,,,970,2,97.0,1.0,1.2453941725944994e-28
,0.0,,,,970,3,97.0,1.0,0.7032438516616821
,0.0,,,,970,4,97.0,1.0,0.29675614833831787
,0.0,,,,971,1,97.0999984741211,1.0,2.940779217364131e-11
,0.0,,,,971,2,97.0999984741211,1.0,4.092452835217158e-28
,0.0,,,,971,3,97.0999984741211,1.0,0.6807724833488464
,0.0,,,,971,4,97.0999984741211,1.0,0.3192274868488312
,0.0,,,,972,1,97.19999694824219,1.0,7.107109345483309e-11
,0.0,,,,972,2,97.19999694824219,1.0,3.667015391984504e-28
,0.0,,,,972,3,97.19999694824219,1.0,0.5510905981063843
,0.0,,,,972,4,97.19999694824219,1.0,0.4489094018936157
,0.0,,,,973,1,97.30000305175781,1.0,2.9058813688642715e-10
,0.0,,,,973,2,97.30000305175781,1.0,1.0164817505232782e-27
,0.0,,,,973,3,97.30000305175781,1.0,0.6919138431549072
,0.0,,,,973,4,97.30000305175781,1.0,0.3080861568450928
,0.0,,,,974,1,97.4000015258789,1.0,2.9986368943468733e-10
,0.0,,,,974,2,97.4000015258789,1.0,1.235938963977276e-27
,0.0,,,,974,3,97.4000015258789,1.0,0.332852303981781
,0.0,,,,974,4,97.4000015258789,1.0,0.6671476364135742
,0.0,,,,975,1,97.5,1.0,1.879106870106284e-10
,0.0,,,,975,2,97.5,1.0,2.7728075632529688e-27
,0.0,,,,975,3,97.5,1.0,0.14175599813461304
,0.0,,,,975,4,97.5,1.0,0.858244001865387
,0.0,,,,976,1,97.5999984741211,1.0,3.099754619650952e-10
,0.0,,,,976,2,97.5999984741211,1.0,1.45197649622202e-27
,0.0,,,,976,3,97.5999984741211,1.0,0.09170696884393692
,0.0,,,,976,4,97.5999984741211,1.0,0.9082930684089661
,0.0,,,,977,1,97.69999694824219,1.0,6.229259885692784e-10
,0.0,,,,977,2,97.69999694824219,1.0,5.385194021416225e-27
,0.0,,,,977,3,97.69999694824219,1.0,0.35075491666793823
,0.0,,,,977,4,97.69999694824219,1.0,0.6492451429367065
,0.0,,,,978,1,97.80000305175781,1.0,1.0737527533777325e-09
,0.0,,,,978,2,97.80000305175781,1.0,1.817442926917485e-26
,0.0,,,,978,3,97.80000305175781,1.0,0.6262384653091431
,0.0,,,,978,4,97.80000305175781,1.0,0.37376153469085693
,0.0,,,,979,1,97.9000015258789,1.0,1.2279542938031796e-09
,0.0,,,,979,2,97.9000015258789,1.0,3.465479207033922e-26
,0.0,,,,979,3,97.9000015258789,1.0,0.2869678735733032
,0.0,,,,979,4,97.9000015258789,1.0,0.7130321860313416
,0.0,,,,980,1,98.0,1.0,9.838098113945648e-10
,0.0,,,,980,2,98.0,1.0,1.254697198079377e-25
,0.0,,,,980,3,98.0,1.0,0.7067979574203491
,0.0,,,,980,4,98.0,1.0,0.29320207238197327
,0.0,,,,981,1,98.0999984741211,1.0,1.316760589453736e-09
,0.0,,,,981,2,98.0999984741211,1.0,3.7275640063194545e-25
,0.0,,,,981,3,98.0999984741211,1.0,0.37868884205818176
,0.0,,,,981,4,98.0999984741211,1.0,0.6213111877441406
,0.0,,,,982,1,98.19999694824219,1.0,2.5798181368941187e-09
,0.0,,,,982,2,98.19999694824219,1.0,1.7751727089427113e-24
,0.0,,,,982,3,98.19999694824219,1.0,0.2247353047132492
,0.0,,,,982,4,98.19999694824219,1.0,0.7752646803855896
,0.0,,,,983,1,98.30000305175781,1.0,2.4164270584492442e-09
,0.0,,,,983,2,98.30000305175781,1.0,1.1018570099272811e-23
,0.0,,,,983,3,98.30000305175781,1.0,0.09539158642292023
,0.0,,,,983,4,98.30000305175781,1.0,0.9046083688735962
,0.0,,,,984,1,98.4000015258789,1.0,2.4734376768975608e-09
,0.0,,,,984,2,98.4000015258789,1.0,1.312811905504859e-23
,0.0,,,,984,3,98.4000015258789,1.0,0.08035746961832047
,0.0,,,,984,4,98.4000015258789,1.0,0.9196425676345825
,0.0,,,,985,1,98.5,1.0,3.29192673120815e-09
,0.0,,,,985,2,98.5,1.0,1.4641540813106048e-23
,0.0,,,,985,3,98.5,1.0,0.1550784707069397
,0.0,,,,985,4,98.5,1.0,0.8449215292930603
,0.0,,,,986,1,98.5999984741211,1.0,1.8039946203529666e-09
,0.0,,,,986,2,98.5999984741211,1.0,1.3183620152896319e-23
,0.0,,,,986,3,98.5999984741211,1.0,0.15127839148044586
,0.0,,,,986,4,98.5999984741211,1.0,0.8487215638160706
,0.0,,,,987,1,98.69999694824219,1.0,1.5542237497001565e-09
,0.0,,,,987,2,98.69999694824219,1.0,3.090520052839996e-23
,0.0,,,,987,3,98.69999694824219,1.0,0.10715686529874802
,0.0,,,,987,4,98.69999694824219,1.0,0.8928431868553162
,0.0,,,,988,1,98.80000305175781,1.0,6.615031855616849e-10
,0.0,,,,988,2,98.80000305175781,1.0,4.471641317394115e-23
,0.0,,,,988,3,98.80000305175781,1.0,0.06176270917057991
,0.0,,,,988,4,98.80000305175781,1.0,0.9382373094558716
,0.0,,,,989,1,98.9000015258789,1.0,1.3818237665219613e-09
,0.0,,,,989,2,98.9000015258789,1.0,4.083329585508865e-22
,0.0,,,,989,3,98.9000015258789,1.0,0.31869715452194214
,0.0,,,,989,4,98.9000015258789,1.0,0.6813028454780579
,0.0,,,,990,1,99.0,1.0,3.174034590713859e-09
,0.0,,,,990,2,99.0,1.0,7.543895769290261e-22
,0.0,,,,990,3,99.0,1.0,0.3402658998966217
,0.0,,,,990,4,99.0,1.0,0.6597340106964111
,0.0,,,,991,1,99.0999984741211,1.0,3.2331355370729398e-09
,0.0,,,,991,2,99.0999984741211,1.0,9.401297422061211e-22
,0.0,,,,991,3,99.0999984741211,1.0,0.2626526653766632
,0.0,,,,991,4,99.0999984741211,1.0,0.7373473048210144
,0.0,,,,992,1,99.19999694824219,1.0,2.5404800485517853e-09
,0.0,,,,992,2,99.19999694824219,1.0,2.8318021380289644e-21
,0.0,,,,992,3,99.19999694824219,1.0,0.08225394040346146
,0.0,,,,992,4,99.19999694824219,1.0,0.9177460074424744
,0.0,,,,993,1,99.30000305175781,1.0,3.488036304233333e-09
,0.0,,,,993,2,99.30000305175781,1.0,1.0354189696779909e-20
,0.0,,,,993,3,99.30000305175781,1.0,0.19238756597042084
,0.0,,,,993,4,99.30000305175781,1.0,0.807612419128418
,0.0,,,,994,1,99.4000015258789,1.0,4.572956679993467e-09
,0.0,,,,994,2,99.4000015258789,1.0,2.8472396789384837e-20
,0.0,,,,994,3,99.4000015258789,1.0,0.1909502148628235
,0.0,,,,994,4,99.4000015258789,1.0,0.8090497255325317
,0.0,,,,995,1,99.5,1.0,5.860525842393827e-09
,0.0,,,,995,2,99.5,1.0,5.591161268194826e-20
,0.0,,,,995,3,99.5,1.0,0.0696682333946228
,0.0,,,,995,4,99.5,1.0,0.9303317666053772
,0.0,,,,996,1,99.5999984741211,1.0,5.526786139853357e-09
,0.0,,,,996,2,99.5999984741211,1.0,1.9514308636422577e-19
,0.0,,,,996,3,99.5999984741211,1.0,0.04157886654138565
,0.0,,,,996,4,99.5999984741211,1.0,0.9584211707115173
,0.0,,,,997,1,99.69999694824219,1.0,1.1202481609018378e-08
,0.0,,,,997,2,99.69999694824219,1.0,4.750249586720389e-19
,0.0,,,,997,3,99.69999694824219,1.0,0.0582922101020813
,0.0,,,,997,4,99.69999694824219,1.0,0.9417077898979187
,0.0,,,,998,1,99.80000305175781,1.0,2.1549466211467916e-08
,0.0,,,,998,2,99.80000305175781,1.0,8.368898000892337e-19
,0.0,,,,998,3,99.80000305175781,1.0,0.07748274505138397
,0.0,,,,998,4,99.80000305175781,1.0,0.9225172400474548
,0.0,,,,999,1,99.9000015258789,1.0,3.267634696157984e-08
,0.0,,,,999,2,99.9000015258789,1.0,8.214602450269172e-18
,0.0,,,,999,3,99.9000015258789,1.0,0.09683382511138916
,0.0,,,,999,4,99.9000015258789,1.0,0.9031661152839661
,0.0,,,,1000,1,100.0,1.0,6.913749928116886e-08
,0.0,,,,1000,2,100.0,1.0,1.8066921597358608e-16
,0.0,,,,1000,3,100.0,1.0,0.38202613592147827
,0.0,,,,1000,4,100.0,1.0,0.617973804473877
,0.0,,,,1001,1,100.0999984741211,1.0,1.013205093158831e-07
,0.0,,,,1001,2,100.0999984741211,1.0,1.2815923482334824e-16
,0.0,,,,1001,3,100.0999984741211,1.0,0.8050963282585144
,0.0,,,,1001,4,100.0999984741211,1.0,0.19490356743335724
,0.0,,,,1002,1,100.19999694824219,1.0,1.2287910067243502e-07
,0.0,,,,1002,2,100.19999694824219,1.0,3.150491137011291e-16
,0.0,,,,1002,3,100.19999694824219,1.0,0.4498758614063263
,0.0,,,,1002,4,100.19999694824219,1.0,0.550123929977417
,0.0,,,,1003,1,100.30000305175781,1.0,1.0921778681449723e-07
,0.0,,,,1003,2,100.30000305175781,1.0,4.267755123010499e-16
,0.0,,,,1003,3,100.30000305175781,1.0,0.3306872844696045
,0.0,,,,1003,4,100.30000305175781,1.0,0.6693126559257507
,0.0,,,,1004,1,100.4000015258789,1.0,1.2372036906072026e-07
,0.0,,,,1004,2,100.4000015258789,1.0,3.4415581274674703e-16
,0.0,,,,1004,3,100.4000015258789,1.0,0.386300265789032
,0.0,,,,1004,4,100.4000015258789,1.0,0.6136996150016785
,0.0,,,,1005,1,100.5,1.0,1.2515614855601598e-07
,0.0,,,,1005,2,100.5,1.0,2.4966327884056025e-16
,0.0,,,,1005,3,100.5,1.0,0.2175036519765854
,0.0,,,,1005,4,100.5,1.0,0.7824962139129639
,0.0,,,,1006,1,100.5999984741211,1.0,1.2558609796542441e-07
,0.0,,,,1006,2,100.5999984741211,1.0,3.8330676082980446e-16
,0.0,,,,1006,3,100.5999984741211,1.0,0.324449360370636
,0.0,,,,1006,4,100.5999984741211,1.0,0.6755505204200745
,0.0,,,,1007,1,100.69999694824219,1.0,1.7399304397258675e-07
,0.0,,,,1007,2,100.69999694824219,1.0,1.2615465194433214e-15
,0.0,,,,1007,3,100.69999694824219,1.0,0.4601675570011139
,0.0,,,,1007,4,100.69999694824219,1.0,0.539832353591919
,0.0,,,,1008,1,100.80000305175781,1.0,1.7035360144745937e-07
,0.0,,,,1008,2,100.80000305175781,1.0,2.253024418709371e-15
,0.0,,,,1008,3,100.80000305175781,1.0,0.4343412518501282
,0.0,,,,1008,4,100.80000305175781,1.0,0.5656585693359375
,0.0,,,,1009,1,100.9000015258789,1.0,2.3732741283311043e-07
,0.0,,,,1009,2,100.9000015258789,1.0,3.885364693010946e-15
,0.0,,,,1009,3,100.9000015258789,1.0,0.7088174819946289
,0.0,,,,1009,4,100.9000015258789,1.0,0.29118233919143677
,0.0,,,,1010,1,101.0,1.0,2.8684536346190725e-07
,0.0,,,,1010,2,101.0,1.0,8.453749649633448e-15
,0.0,,,,1010,3,101.0,1.0,0.7679507732391357
,0.0,,,,1010,4,101.0,1.0,0.23204894363880157
,0.0,,,,1011,1,101.0999984741211,1.0,2.2008248379279394e-07
,0.0,,,,1011,2,101.0999984741211,1.0,1.7891356866622972e-14
,0.0,,,,1011,3,101.0999984741211,1.0,0.5136683583259583
,0.0,,,,1011,4,101.0999984741211,1.0,0.48633143305778503
,0.0,,,,1012,1,101.19999694824219,1.0,3.733508151526621e-07
,0.0,,,,1012,2,101.19999694824219,1.0,6.816395321448954e-14
,0.0,,,,1012,3,101.19999694824219,1.0,0.6006567478179932
,0.0,,,,1012,4,101.19999694824219,1.0,0.39934292435646057
,0.0,,,,1013,1,101.30000305175781,1.0,3.2027722340899345e-07
,0.0,,,,1013,2,101.30000305175781,1.0,2.2306238616192492e-13
,0.0,,,,1013,3,101.30000305175781,1.0,0.6024122834205627
,0.0,,,,1013,4,101.30000305175781,1.0,0.397587388753891
,0.0,,,,1014,1,101.4000015258789,1.0,2.66960768158242e-07
,0.0,,,,1014,2,101.4000015258789,1.0,2.356111182891252e-13
,0.0,,,,1014,3,101.4000015258789,1.0,0.4578637182712555
,0.0,,,,1014,4,101.4000015258789,1.0,0.542136013507843
,0.0,,,,1015,1,101.5,1.0,1.9428746611538372e-07
,0.0,,,,1015,2,101.5,1.0,5.35180081674691e-13
,0.0,,,,1015,3,101.5,1.0,0.24355243146419525
,0.0,,,,1015,4,101.5,1.0,0.7564473748207092
,0.0,,,,1016,1,101.5999984741211,1.0,1.7067209512333648e-07
,0.0,,,,1016,2,101.5999984741211,1.0,1.077189010732782e-12
,0.0,,,,1016,3,101.5999984741211,1.0,0.11666332930326462
,0.0,,,,1016,4,101.5999984741211,1.0,0.8833365440368652
,0.0,,,,1017,1,101.69999694824219,1.0,2.4219735905717243e-07
,0.0,,,,1017,2,101.69999694824219,1.0,1.9023949082708214e-12
,0.0,,,,1017,3,101.69999694824219,1.0,0.10239440947771072
,0.0,,,,1017,4,101.69999694824219,1.0,0.8976054191589355
,0.0,,,,1018,1,101.80000305175781,1.0,2.5570329853508156e-07
,0.0,,,,1018,2,101.80000305175781,1.0,2.6647052620010214e-12
,0.0,,,,1018,3,101.80000305175781,1.0,0.09396857023239136
,0.0,,,,1018,4,101.80000305175781,1.0,0.9060311317443848
,0.0,,,,1019,1,101.9000015258789,1.0,4.2308369074817165e-07
,0.0,,,,1019,2,101.9000015258789,1.0,8.544319765602104e-12
,0.0,,,,1019,3,101.9000015258789,1.0,0.12043876200914383
,0.0,,,,1019,4,101.9000015258789,1.0,0.8795608282089233
,0.0,,,,1020,1,102.0,1.0,1.1419289194236626e-06
,0.0,,,,1020,2,102.0,1.0,5.627557794762872e-11
,0.0,,,,1020,3,102.0,1.0,0.14187467098236084
,0.0,,,,1020,4,102.0,1.0,0.8581241369247437
,0.0,,,,1021,1,102.0999984741211,1.0,4.926869223709218e-06
,0.0,,,,1021,2,102.0999984741211,1.0,1.941464489174649e-10
,0.0,,,,1021,3,102.0999984741211,1.0,0.2348439246416092
,0.0,,,,1021,4,102.0999984741211,1.0,0.7651512026786804
,0.0,,,,1022,1,102.19999694824219,1.0,6.211431355040986e-06
,0.0,,,,1022,2,102.19999694824219,1.0,9.067535611251287e-10
,0.0,,,,1022,3,102.19999694824219,1.0,0.14578203856945038
,0.0,,,,1022,4,102.19999694824219,1.0,0.8542117476463318
,0.0,,,,1023,1,102.30000305175781,1.0,5.705688181478763e-06
,0.0,,,,1023,2,102.30000305175781,1.0,9.085563412725151e-10
,0.0,,,,1023,3,102.30000305175781,1.0,0.12121616303920746
,0.0,,,,1023,4,102.30000305175781,1.0,0.8787781596183777
,0.0,,,,1024,1,102.4000015258789,1.0,9.809878974920139e-06
,0.0,,,,1024,2,102.4000015258789,1.0,2.24197260756398e-09
,0.0,,,,1024,3,102.4000015258789,1.0,0.12384044378995895
,0.0,,,,1024,4,102.4000015258789,1.0,0.8761497139930725
,0.0,,,,1025,1,102.5,1.0,9.733111255627591e-06
,0.0,,,,1025,2,102.5,1.0,1.8049185479540597e-09
,0.0,,,,1025,3,102.5,1.0,0.11441688239574432
,0.0,,,,1025,4,102.5,1.0,0.8855733871459961
,0.0,,,,1026,1,102.5999984741211,1.0,2.1142586774658412e-05
,0.0,,,,1026,2,102.5999984741211,1.0,6.864270485351653e-09
,0.0,,,,1026,3,102.5999984741211,1.0,0.11451455950737
,0.0,,,,1026,4,102.5999984741211,1.0,0.8854643106460571
,0.0,,,,1027,1,102.69999694824219,1.0,2.3987995518837124e-05
,0.0,,,,1027,2,102.69999694824219,1.0,1.2871754329069063e-08
,0.0,,,,1027,3,102.69999694824219,1.0,0.10687433183193207
,0.0,,,,1027,4,102.69999694824219,1.0,0.8931017518043518
,0.0,,,,1028,1,102.80000305175781,1.0,5.418572618509643e-05
,0.0,,,,1028,2,102.80000305175781,1.0,4.247032237003623e-08
,0.0,,,,1028,3,102.80000305175781,1.0,0.1203288808465004
,0.0,,,,1028,4,102.80000305175781,1.0,0.8796168565750122
,0.0,,,,1029,1,102.9000015258789,1.0,8.107454050332308e-05
,0.0,,,,1029,2,102.9000015258789,1.0,1.0958263629845533e-07
,0.0,,,,1029,3,102.9000015258789,1.0,0.10109206289052963
,0.0,,,,1029,4,102.9000015258789,1.0,0.8988267183303833
,0.0,,,,1030,1,103.0,1.0,0.0001334581756964326
,0.0,,,,1030,2,103.0,1.0,1.257452879599441e-07
,0.0,,,,1030,3,103.0,1.0,0.09542098641395569
,0.0,,,,1030,4,103.0,1.0,0.9044454097747803
,0.0,,,,1031,1,103.0999984741211,1.0,0.0003745010762941092
,0.0,,,,1031,2,103.0999984741211,1.0,3.052238071177271e-07
,0.0,,,,1031,3,103.0999984741211,1.0,0.13864295184612274
,0.0,,,,1031,4,103.0999984741211,1.0,0.8609821796417236
,0.0,,,,1032,1,103.19999694824219,1.0,0.00042614128324203193
,0.0,,,,1032,2,103.19999694824219,1.0,3.711579665832687e-07
,0.0,,,,1032,3,103.19999694824219,1.0,0.11318763345479965
,0.0,,,,1032,4,103.19999694824219,1.0,0.8863858580589294
,0.0,,,,1033,1,103.30000305175781,1.0,0.001236372976563871
,0.0,,,,1033,2,103.30000305175781,1.0,1.4469371762970695e-06
,0.0,,,,1033,3,103.30000305175781,1.0,0.13313734531402588
,0.0,,,,1033,4,103.30000305175781,1.0,0.8656247854232788
,0.0,,,,1034,1,103.4000015258789,1.0,0.0031858724541962147
,0.0,,,,1034,2,103.4000015258789,1.0,4.241425358486595e-06
,0.0,,,,1034,3,103.4000015258789,1.0,0.13686296343803406
,0.0,,,,1034,4,103.4000015258789,1.0,0.8599469661712646
,0.0,,,,1035,1,103.5,1.0,0.006675967015326023
,0.0,,,,1035,2,103.5,1.0,9.652402695792262e-06
,0.0,,,,1035,3,103.5,1.0,0.1618228703737259
,0.0,,,,1035,4,103.5,1.0,0.8314915299415588
,0.0,,,,1036,1,103.5999984741211,1.0,0.008559364825487137
,0.0,,,,1036,2,103.5999984741211,1.0,1.906487341329921e-05
,0.0,,,,1036,3,103.5999984741211,1.0,0.12682734429836273
,0.0,,,,1036,4,103.5999984741211,1.0,0.8645942211151123
,0.0,,,,1037,1,103.69999694824219,1.0,0.011817218735814095
,0.0,,,,1037,2,103.69999694824219,1.0,2.939224759757053e-05
,0.0,,,,1037,3,103.69999694824219,1.0,0.13340449333190918
,0.0,,,,1037,4,103.69999694824219,1.0,0.8547488451004028
,0.0,,,,1038,1,103.80000305175781,1.0,0.01547766663134098
,0.0,,,,1038,2,103.80000305175781,1.0,4.27160739491228e-05
,0.0,,,,1038,3,103.80000305175781,1.0,0.12946642935276031
,0.0,,,,1038,4,103.80000305175781,1.0,0.8550131916999817
,0.0,,,,1039,1,103.9000015258789,1.0,0.01971074379980564
,0.0,,,,1039,2,103.9000015258789,1.0,5.105300806462765e-05
,0.0,,,,1039,3,103.9000015258789,1.0,0.13306421041488647
,0.0,,,,1039,4,103.9000015258789,1.0,0.8471739292144775
,0.0,,,,1040,1,104.0,1.0,0.028929932042956352
,0.0,,,,1040,2,104.0,1.0,7.12215987732634e-05
,0.0,,,,1040,3,104.0,1.0,0.11932716518640518
,0.0,,,,1040,4,104.0,1.0,0.8516716361045837
,0.0,,,,1041,1,104.0999984741211,1.0,0.05667760968208313
,0.0,,,,1041,2,104.0999984741211,1.0,0.00014962360728532076
,0.0,,,,1041,3,104.0999984741211,1.0,0.112332284450531
,0.0,,,,1041,4,104.0999984741211,1.0,0.830840528011322
,0.0,,,,1042,1,104.19999694824219,1.0,0.08257713168859482
,0.0,,,,1042,2,104.19999694824219,1.0,0.00019810024241451174
,0.0,,,,1042,3,104.19999694824219,1.0,0.09334398061037064
,0.0,,,,1042,4,104.19999694824219,1.0,0.8238807320594788
,0.0,,,,1043,1,104.30000305175781,1.0,0.12239763885736465
,0.0,,,,1043,2,104.30000305175781,1.0,0.0003017682465724647
,0.0,,,,1043,3,104.30000305175781,1.0,0.05543898046016693
,0.0,,,,1043,4,104.30000305175781,1.0,0.8218615651130676
,0.0,,,,1044,1,104.4000015258789,1.0,0.1740276962518692
,0.0,,,,1044,2,104.4000015258789,1.0,0.0003840446297544986
,0.0,,,,1044,3,104.4000015258789,1.0,0.058491554111242294
,0.0,,,,1044,4,104.4000015258789,1.0,0.7670966982841492
,0.0,,,,1045,1,104.5,1.0,0.2259981632232666
,0.0,,,,1045,2,104.5,1.0,0.000487656012410298
,0.0,,,,1045,3,104.5,1.0,0.05388936400413513
,0.0,,,,1045,4,104.5,1.0,0.7196248173713684
,0.0,,,,1046,1,104.5999984741211,1.0,0.1709505021572113
,0.0,,,,1046,2,104.5999984741211,1.0,0.0006105521460995078
,0.0,,,,1046,3,104.5999984741211,1.0,0.06341338157653809
,0.0,,,,1046,4,104.5999984741211,1.0,0.7650255560874939
,0.0,,,,1047,1,104.69999694824219,1.0,0.21616102755069733
,0.0,,,,1047,2,104.69999694824219,1.0,0.0007302224985323846
,0.0,,,,1047,3,104.69999694824219,1.0,0.07745184749364853
,0.0,,,,1047,4,104.69999694824219,1.0,0.705656886100769
,0.0,,,,1048,1,104.80000305175781,1.0,0.2180951088666916
,0.0,,,,1048,2,104.80000305175781,1.0,0.001137771992944181
,0.0,,,,1048,3,104.80000305175781,1.0,0.07018553465604782
,0.0,,,,1048,4,104.80000305175781,1.0,0.7105814814567566
,0.0,,,,1049,1,104.9000015258789,1.0,0.2908567190170288
,0.0,,,,1049,2,104.9000015258789,1.0,0.0016803838079795241
,0.0,,,,1049,3,104.9000015258789,1.0,0.06531217694282532
,0.0,,,,1049,4,104.9000015258789,1.0,0.6421507000923157
,0.0,,,,1050,1,105.0,1.0,0.42766085267066956
,0.0,,,,1050,2,105.0,1.0,0.0024779995437711477
,0.0,,,,1050,3,105.0,1.0,0.056014783680438995
,0.0,,,,1050,4,105.0,1.0,0.5138463377952576
,0.0,,,,1051,1,105.0999984741211,1.0,0.4981371760368347
,0.0,,,,1051,2,105.0999984741211,1.0,0.0035711482632905245
,0.0,,,,1051,3,105.0999984741211,1.0,0.0550229549407959
,0.0,,,,1051,4,105.0999984741211,1.0,0.4432687759399414
,0.0,,,,1052,1,105.19999694824219,1.0,0.47152775526046753
,0.0,,,,1052,2,105.19999694824219,1.0,0.0059968349523842335
,0.0,,,,1052,3,105.19999694824219,1.0,0.04211696237325668
,0.0,,,,1052,4,105.19999694824219,1.0,0.4803584814071655
,0.0,,,,1053,1,105.30000305175781,1.0,0.4773847162723541
,0.0,,,,1053,2,105.30000305175781,1.0,0.008193829096853733
,0.0,,,,1053,3,105.30000305175781,1.0,0.04259848967194557
,0.0,,,,1053,4,105.30000305175781,1.0,0.4718230366706848
,0.0,,,,1054,1,105.4000015258789,1.0,0.49106958508491516
,0.0,,,,1054,2,105.4000015258789,1.0,0.01339690014719963
,0.0,,,,1054,3,105.4000015258789,1.0,0.03623916581273079
,0.0,,,,1054,4,105.4000015258789,1.0,0.4592943787574768
,0.0,,,,1055,1,105.5,1.0,0.48321518301963806
,0.0,,,,1055,2,105.5,1.0,0.015563293360173702
,0.0,,,,1055,3,105.5,1.0,0.046395402401685715
,0.0,,,,1055,4,105.5,1.0,0.45482611656188965
,0.0,,,,1056,1,105.5999984741211,1.0,0.47410836815834045
,0.0,,,,1056,2,105.5999984741211,1.0,0.020288793370127678
,0.0,,,,1056,3,105.5999984741211,1.0,0.045632291585206985
,0.0,,,,1056,4,105.5999984741211,1.0,0.4599705636501312
,0.0,,,,1057,1,105.69999694824219,1.0,0.45044320821762085
,0.0,,,,1057,2,105.69999694824219,1.0,0.028418729081749916
,0.0,,,,1057,3,105.69999694824219,1.0,0.04653535783290863
,0.0,,,,1057,4,105.69999694824219,1.0,0.47460272908210754
,0.0,,,,1058,1,105.80000305175781,1.0,0.48999297618865967
,0.0,,,,1058,2,105.80000305175781,1.0,0.03111080266535282
,0.0,,,,1058,3,105.80000305175781,1.0,0.04095432534813881
,0.0,,,,1058,4,105.80000305175781,1.0,0.43794193863868713
,0.0,,,,1059,1,105.9000015258789,1.0,0.5121206641197205
,0.0,,,,1059,2,105.9000015258789,1.0,0.03827551007270813
,0.0,,,,1059,3,105.9000015258789,1.0,0.03910673409700394
,0.0,,,,1059,4,105.9000015258789,1.0,0.41049709916114807
,0.0,,,,1060,1,106.0,1.0,0.4989565312862396
,0.0,,,,1060,2,106.0,1.0,0.06452861428260803
,0.0,,,,1060,3,106.0,1.0,0.040262844413518906
,0.0,,,,1060,4,106.0,1.0,0.39625194668769836
,0.0,,,,1061,1,106.0999984741211,1.0,0.49934157729148865
,0.0,,,,1061,2,106.0999984741211,1.0,0.07927782088518143
,0.0,,,,1061,3,106.0999984741211,1.0,0.045193202793598175
,0.0,,,,1061,4,106.0999984741211,1.0,0.37618735432624817
,0.0,,,,1062,1,106.19999694824219,1.0,0.5187907218933105
,0.0,,,,1062,2,106.19999694824219,1.0,0.0930594801902771
,0.0,,,,1062,3,106.19999694824219,1.0,0.04289798066020012
,0.0,,,,1062,4,106.19999694824219,1.0,0.34525179862976074
,0.0,,,,1063,1,106.30000305175781,1.0,0.525726318359375
,0.0,,,,1063,2,106.30000305175781,1.0,0.09064657986164093
,0.0,,,,1063,3,106.30000305175781,1.0,0.04203125834465027
,0.0,,,,1063,4,106.30000305175781,1.0,0.3415958881378174
,0.0,,,,1064,1,106.4000015258789,1.0,0.4793175160884857
,0.0,,,,1064,2,106.4000015258789,1.0,0.08818987011909485
,0.0,,,,1064,3,106.4000015258789,1.0,0.05034731328487396
,0.0,,,,1064,4,106.4000015258789,1.0,0.3821452558040619
,0.0,,,,1065,1,106.5,1.0,0.4684014320373535
,0.0,,,,1065,2,106.5,1.0,0.10626407712697983
,0.0,,,,1065,3,106.5,1.0,0.04266289621591568
,0.0,,,,1065,4,106.5,1.0,0.38267162442207336
,0.0,,,,1066,1,106.5999984741211,1.0,0.4385724663734436
,0.0,,,,1066,2,106.5999984741211,1.0,0.1535780131816864
,0.0,,,,1066,3,106.5999984741211,1.0,0.04194490984082222
,0.0,,,,1066,4,106.5999984741211,1.0,0.36590462923049927
,0.0,,,,1067,1,106.69999694824219,1.0,0.448239803314209
,0.0,,,,1067,2,106.69999694824219,1.0,0.1498485654592514
,0.0,,,,1067,3,106.69999694824219,1.0,0.040331196039915085
,0.0,,,,1067,4,106.69999694824219,1.0,0.3615804612636566
,0.0,,,,1068,1,106.80000305175781,1.0,0.42847248911857605
,0.0,,,,1068,2,106.80000305175781,1.0,0.15195819735527039
,0.0,,,,1068,3,106.80000305175781,1.0,0.04984206706285477
,0.0,,,,1068,4,106.80000305175781,1.0,0.3697272539138794
,0.0,,,,1069,1,106.9000015258789,1.0,0.442657470703125
,0.0,,,,1069,2,106.9000015258789,1.0,0.15267983078956604
,0.0,,,,1069,3,106.9000015258789,1.0,0.05806402117013931
,0.0,,,,1069,4,106.9000015258789,1.0,0.3465985953807831
,0.0,,,,1070,1,107.0,1.0,0.43410420417785645
,0.0,,,,1070,2,107.0,1.0,0.13942717015743256
,0.0,,,,1070,3,107.0,1.0,0.060201581567525864
,0.0,,,,1070,4,107.0,1.0,0.36626705527305603
,0.0,,,,1071,1,107.0999984741211,1.0,0.42580825090408325
,0.0,,,,1071,2,107.0999984741211,1.0,0.1625683456659317
,0.0,,,,1071,3,107.0999984741211,1.0,0.05723429471254349
,0.0,,,,1071,4,107.0999984741211,1.0,0.3543890714645386
,0.0,,,,1072,1,107.19999694824219,1.0,0.4372894763946533
,0.0,,,,1072,2,107.19999694824219,1.0,0.1810474991798401
,0.0,,,,1072,3,107.19999694824219,1.0,0.05414838716387749
,0.0,,,,1072,4,107.19999694824219,1.0,0.3275146782398224
,0.0,,,,1073,1,107.30000305175781,1.0,0.40680351853370667
,0.0,,,,1073,2,107.30000305175781,1.0,0.22931306064128876
,0.0,,,,1073,3,107.30000305175781,1.0,0.04613502696156502
,0.0,,,,1073,4,107.30000305175781,1.0,0.31774845719337463
,0.0,,,,1074,1,107.4000015258789,1.0,0.38010573387145996
,0.0,,,,1074,2,107.4000015258789,1.0,0.26927223801612854
,0.0,,,,1074,3,107.4000015258789,1.0,0.03856571018695831
,0.0,,,,1074,4,107.4000015258789,1.0,0.31205639243125916
,0.0,,,,1075,1,107.5,1.0,0.34951645135879517
,0.0,,,,1075,2,107.5,1.0,0.2977917492389679
,0.0,,,,1075,3,107.5,1.0,0.04182539880275726
,0.0,,,,1075,4,107.5,1.0,0.3108663856983185
,0.0,,,,1076,1,107.5999984741211,1.0,0.34208032488822937
,0.0,,,,1076,2,107.5999984741211,1.0,0.3036588728427887
,0.0,,,,1076,3,107.5999984741211,1.0,0.04065666347742081
,0.0,,,,1076,4,107.5999984741211,1.0,0.3136041462421417
,0.0,,,,1077,1,107.69999694824219,1.0,0.34242597222328186
,0.0,,,,1077,2,107.69999694824219,1.0,0.3251535892486572
,0.0,,,,1077,3,107.69999694824219,1.0,0.038381628692150116
,0.0,,,,1077,4,107.69999694824219,1.0,0.2940388023853302
,0.0,,,,1078,1,107.80000305175781,1.0,0.36134713888168335
,0.0,,,,1078,2,107.80000305175781,1.0,0.29063427448272705
,0.0,,,,1078,3,107.80000305175781,1.0,0.03560393676161766
,0.0,,,,1078,4,107.80000305175781,1.0,0.31241464614868164
,0.0,,,,1079,1,107.9000015258789,1.0,0.3717418909072876
,0.0,,,,1079,2,107.9000015258789,1.0,0.2620644271373749
,0.0,,,,1079,3,107.9000015258789,1.0,0.03941155970096588
,0.0,,,,1079,4,107.9000015258789,1.0,0.32678207755088806
,0.0,,,,1080,1,108.0,1.0,0.3440731167793274
,0.0,,,,1080,2,108.0,1.0,0.3207114040851593
,0.0,,,,1080,3,108.0,1.0,0.03393503278493881
,0.0,,,,1080,4,108.0,1.0,0.30128049850463867
,0.0,,,,1081,1,108.0999984741211,1.0,0.3157862722873688
,0.0,,,,1081,2,108.0999984741211,1.0,0.37942594289779663
,0.0,,,,1081,3,108.0999984741211,1.0,0.030963221564888954
,0.0,,,,1081,4,108.0999984741211,1.0,0.273824542760849
,0.0,,,,1082,1,108.19999694824219,1.0,0.32525795698165894
,0.0,,,,1082,2,108.19999694824219,1.0,0.33887597918510437
,0.0,,,,1082,3,108.19999694824219,1.0,0.030910715460777283
,0.0,,,,1082,4,108.19999694824219,1.0,0.3049553632736206
,0.0,,,,1083,1,108.30000305175781,1.0,0.2996932864189148
,0.0,,,,1083,2,108.30000305175781,1.0,0.3777395188808441
,0.0,,,,1083,3,108.30000305175781,1.0,0.036038774996995926
,0.0,,,,1083,4,108.30000305175781,1.0,0.28652840852737427
,0.0,,,,1084,1,108.4000015258789,1.0,0.2791843116283417
,0.0,,,,1084,2,108.4000015258789,1.0,0.424045592546463
,0.0,,,,1084,3,108.4000015258789,1.0,0.04306590557098389
,0.0,,,,1084,4,108.4000015258789,1.0,0.2537042200565338
,0.0,,,,1085,1,108.5,1.0,0.26603227853775024
,0.0,,,,1085,2,108.5,1.0,0.454751193523407
,0.0,,,,1085,3,108.5,1.0,0.03981340304017067
,0.0,,,,1085,4,108.5,1.0,0.2394031286239624
,0.0,,,,1086,1,108.5999984741211,1.0,0.26595836877822876
,0.0,,,,1086,2,108.5999984741211,1.0,0.4654059410095215
,0.0,,,,1086,3,108.5999984741211,1.0,0.04379977658390999
,0.0,,,,1086,4,108.5999984741211,1.0,0.22483593225479126
,0.0,,,,1087,1,108.69999694824219,1.0,0.256988525390625
,0.0,,,,1087,2,108.69999694824219,1.0,0.46037402749061584
,0.0,,,,1087,3,108.69999694824219,1.0,0.05429021269083023
,0.0,,,,1087,4,108.69999694824219,1.0,0.22834722697734833
,0.0,,,,1088,1,108.80000305175781,1.0,0.20551542937755585
,0.0,,,,1088,2,108.80000305175781,1.0,0.5341086387634277
,0.0,,,,1088,3,108.80000305175781,1.0,0.05645980313420296
,0.0,,,,1088,4,108.80000305175781,1.0,0.20391610264778137
,0.0,,,,1089,1,108.9000015258789,1.0,0.23368453979492188
,0.0,,,,1089,2,108.9000015258789,1.0,0.4932629466056824
,0.0,,,,1089,3,108.9000015258789,1.0,0.05523458495736122
,0.0,,,,1089,4,108.9000015258789,1.0,0.21781794726848602
,0.0,,,,1090,1,109.0,1.0,0.2628687024116516
,0.0,,,,1090,2,109.0,1.0,0.4254298210144043
,0.0,,,,1090,3,109.0,1.0,0.06379272043704987
,0.0,,,,1090,4,109.0,1.0,0.2479087859392166
,0.0,,,,1091,1,109.0999984741211,1.0,0.27107685804367065
,0.0,,,,1091,2,109.0999984741211,1.0,0.42231932282447815
,0.0,,,,1091,3,109.0999984741211,1.0,0.06900909543037415
,0.0,,,,1091,4,109.0999984741211,1.0,0.23759472370147705
,0.0,,,,1092,1,109.19999694824219,1.0,0.2520691752433777
,0.0,,,,1092,2,109.19999694824219,1.0,0.44110098481178284
,0.0,,,,1092,3,109.19999694824219,1.0,0.06817557662725449
,0.0,,,,1092,4,109.19999694824219,1.0,0.23865430057048798
,0.0,,,,1093,1,109.30000305175781,1.0,0.25206711888313293
,0.0,,,,1093,2,109.30000305175781,1.0,0.43809235095977783
,0.0,,,,1093,3,109.30000305175781,1.0,0.06837504357099533
,0.0,,,,1093,4,109.30000305175781,1.0,0.2414654940366745
,0.0,,,,1094,1,109.4000015258789,1.0,0.261645644903183
,0.0,,,,1094,2,109.4000015258789,1.0,0.4364657402038574
,0.0,,,,1094,3,109.4000015258789,1.0,0.06551148742437363
,0.0,,,,1094,4,109.4000015258789,1.0,0.23637714982032776
,0.0,,,,1095,1,109.5,1.0,0.2810530662536621
,0.0,,,,1095,2,109.5,1.0,0.4014122188091278
,0.0,,,,1095,3,109.5,1.0,0.05937398225069046
,0.0,,,,1095,4,109.5,1.0,0.258160799741745
,0.0,,,,1096,1,109.5999984741211,1.0,0.28098034858703613
,0.0,,,,1096,2,109.5999984741211,1.0,0.3912471532821655
,0.0,,,,1096,3,109.5999984741211,1.0,0.05860980227589607
,0.0,,,,1096,4,109.5999984741211,1.0,0.26916271448135376
,0.0,,,,1097,1,109.69999694824219,1.0,0.2863391935825348
,0.0,,,,1097,2,109.69999694824219,1.0,0.3902343213558197
,0.0,,,,1097,3,109.69999694824219,1.0,0.05338285490870476
,0.0,,,,1097,4,109.69999694824219,1.0,0.27004358172416687
,0.0,,,,1098,1,109.80000305175781,1.0,0.28014039993286133
,0.0,,,,1098,2,109.80000305175781,1.0,0.40640947222709656
,0.0,,,,1098,3,109.80000305175781,1.0,0.05258544161915779
,0.0,,,,1098,4,109.80000305175781,1.0,0.2608647048473358
,0.0,,,,1099,1,109.9000015258789,1.0,0.2810187041759491
,0.0,,,,1099,2,109.9000015258789,1.0,0.3788912892341614
,0.0,,,,1099,3,109.9000015258789,1.0,0.05352870374917984
,0.0,,,,1099,4,109.9000015258789,1.0,0.2865613102912903
,0.0,,,,1100,1,110.0,1.0,0.2597629129886627
,0.0,,,,1100,2,110.0,1.0,0.4054841697216034
,0.0,,,,1100,3,110.0,1.0,0.05552317947149277
,0.0,,,,1100,4,110.0,1.0,0.2792297601699829
,0.0,,,,1101,1,110.0999984741211,1.0,0.2502914369106293
,0.0,,,,1101,2,110.0999984741211,1.0,0.43458160758018494
,0.0,,,,1101,3,110.0999984741211,1.0,0.05282380431890488
,0.0,,,,1101,4,110.0999984741211,1.0,0.2623031735420227
,0.0,,,,1102,1,110.19999694824219,1.0,0.24339939653873444
,0.0,,,,1102,2,110.19999694824219,1.0,0.44030916690826416
,0.0,,,,1102,3,110.19999694824219,1.0,0.05769961699843407
,0.0,,,,1102,4,110.19999694824219,1.0,0.25859177112579346
,0.0,,,,1103,1,110.30000305175781,1.0,0.24953167140483856
,0.0,,,,1103,2,110.30000305175781,1.0,0.45851102471351624
,0.0,,,,1103,3,110.30000305175781,1.0,0.04629414901137352
,0.0,,,,1103,4,110.30000305175781,1.0,0.24566306173801422
,0.0,,,,1104,1,110.4000015258789,1.0,0.2288578897714615
,0.0,,,,1104,2,110.4000015258789,1.0,0.49646615982055664
,0.0,,,,1104,3,110.4000015258789,1.0,0.04175959900021553
,0.0,,,,1104,4,110.4000015258789,1.0,0.23291634023189545
,0.0,,,,1105,1,110.5,1.0,0.21437127888202667
,0.0,,,,1105,2,110.5,1.0,0.49989053606987
,0.0,,,,1105,3,110.5,1.0,0.04329772666096687
,0.0,,,,1105,4,110.5,1.0,0.24244049191474915
,0.0,,,,1106,1,110.5999984741211,1.0,0.1908612698316574
,0.0,,,,1106,2,110.5999984741211,1.0,0.49312642216682434
,0.0,,,,1106,3,110.5999984741211,1.0,0.04368206113576889
,0.0,,,,1106,4,110.5999984741211,1.0,0.27233028411865234
,0.0,,,,1107,1,110.69999694824219,1.0,0.2175208330154419
,0.0,,,,1107,2,110.69999694824219,1.0,0.45735445618629456
,0.0,,,,1107,3,110.69999694824219,1.0,0.03779945150017738
,0.0,,,,1107,4,110.69999694824219,1.0,0.28732529282569885
,0.0,,,,1108,1,110.80000305175781,1.0,0.19276119768619537
,0.0,,,,1108,2,110.80000305175781,1.0,0.47476470470428467
,0.0,,,,1108,3,110.80000305175781,1.0,0.03362797945737839
,0.0,,,,1108,4,110.80000305175781,1.0,0.2988460958003998
,0.0,,,,1109,1,110.9000015258789,1.0,0.1699206680059433
,0.0,,,,1109,2,110.9000015258789,1.0,0.5072894096374512
,0.0,,,,1109,3,110.9000015258789,1.0,0.02861930988729
,0.0,,,,1109,4,110.9000015258789,1.0,0.2941705882549286
,0.0,,,,1110,1,111.0,1.0,0.18082620203495026
,0.0,,,,1110,2,111.0,1.0,0.4886649250984192
,0.0,,,,1110,3,111.0,1.0,0.037571560591459274
,0.0,,,,1110,4,111.0,1.0,0.2929372191429138
,0.0,,,,1111,1,111.0999984741211,1.0,0.1607069969177246
,0.0,,,,1111,2,111.0999984741211,1.0,0.49694985151290894
,0.0,,,,1111,3,111.0999984741211,1.0,0.045020680874586105
,0.0,,,,1111,4,111.0999984741211,1.0,0.29732245206832886
,0.0,,,,1112,1,111.19999694824219,1.0,0.1780860275030136
,0.0,,,,1112,2,111.19999694824219,1.0,0.4803208112716675
,0.0,,,,1112,3,111.19999694824219,1.0,0.04480787739157677
,0.0,,,,1112,4,111.19999694824219,1.0,0.29678529500961304
,0.0,,,,1113,1,111.30000305175781,1.0,0.1874316930770874
,0.0,,,,1113,2,111.30000305175781,1.0,0.4786235988140106
,0.0,,,,1113,3,111.30000305175781,1.0,0.04674665257334709
,0.0,,,,1113,4,111.30000305175781,1.0,0.28719812631607056
,0.0,,,,1114,1,111.4000015258789,1.0,0.1830686777830124
,0.0,,,,1114,2,111.4000015258789,1.0,0.5064570307731628
,0.0,,,,1114,3,111.4000015258789,1.0,0.05280982702970505
,0.0,,,,1114,4,111.4000015258789,1.0,0.2576644718647003
,0.0,,,,1115,1,111.5,1.0,0.19580943882465363
,0.0,,,,1115,2,111.5,1.0,0.503938615322113
,0.0,,,,1115,3,111.5,1.0,0.047103025019168854
,0.0,,,,1115,4,111.5,1.0,0.2531489133834839
,0.0,,,,1116,1,111.5999984741211,1.0,0.19827459752559662
,0.0,,,,1116,2,111.5999984741211,1.0,0.5598891377449036
,0.0,,,,1116,3,111.5999984741211,1.0,0.04317401349544525
,0.0,,,,1116,4,111.5999984741211,1.0,0.19866222143173218
,0.0,,,,1117,1,111.69999694824219,1.0,0.2285851687192917
,0.0,,,,1117,2,111.69999694824219,1.0,0.5111159086227417
,0.0,,,,1117,3,111.69999694824219,1.0,0.04847884923219681
,0.0,,,,1117,4,111.69999694824219,1.0,0.21182003617286682
,0.0,,,,1118,1,111.80000305175781,1.0,0.2210339456796646
,0.0,,,,1118,2,111.80000305175781,1.0,0.5235439538955688
,0.0,,,,1118,3,111.80000305175781,1.0,0.05219344422221184
,0.0,,,,1118,4,111.80000305175781,1.0,0.20322869718074799
,0.0,,,,1119,1,111.9000015258789,1.0,0.20766976475715637
,0.0,,,,1119,2,111.9000015258789,1.0,0.5590190291404724
,0.0,,,,1119,3,111.9000015258789,1.0,0.04932589456439018
,0.0,,,,1119,4,111.9000015258789,1.0,0.18398521840572357
,0.0,,,,1120,1,112.0,1.0,0.21034695208072662
,0.0,,,,1120,2,112.0,1.0,0.5740202069282532
,0.0,,,,1120,3,112.0,1.0,0.04294374957680702
,0.0,,,,1120,4,112.0,1.0,0.1726890653371811
,0.0,,,,1121,1,112.0999984741211,1.0,0.20842283964157104
,0.0,,,,1121,2,112.0999984741211,1.0,0.5765989422798157
,0.0,,,,1121,3,112.0999984741211,1.0,0.039468634873628616
,0.0,,,,1121,4,112.0999984741211,1.0,0.17550961673259735
,0.0,,,,1122,1,112.19999694824219,1.0,0.1889043152332306
,0.0,,,,1122,2,112.19999694824219,1.0,0.6139733791351318
,0.0,,,,1122,3,112.19999694824219,1.0,0.032034922391176224
,0.0,,,,1122,4,112.19999694824219,1.0,0.16508740186691284
,0.0,,,,1123,1,112.30000305175781,1.0,0.1917930543422699
,0.0,,,,1123,2,112.30000305175781,1.0,0.5994816422462463
,0.0,,,,1123,3,112.30000305175781,1.0,0.031864579766988754
,0.0,,,,1123,4,112.30000305175781,1.0,0.17686067521572113
,0.0,,,,1124,1,112.4000015258789,1.0,0.17081157863140106
,0.0,,,,1124,2,112.4000015258789,1.0,0.6229750514030457
,0.0,,,,1124,3,112.4000015258789,1.0,0.03135107830166817
,0.0,,,,1124,4,112.4000015258789,1.0,0.17486228048801422
,0.0,,,,1125,1,112.5,1.0,0.19287437200546265
,0.0,,,,1125,2,112.5,1.0,0.5608322620391846
,0.0,,,,1125,3,112.5,1.0,0.030073385685682297
,0.0,,,,1125,4,112.5,1.0,0.21622009575366974
,0.0,,,,1126,1,112.5999984741211,1.0,0.18940196931362152
,0.0,,,,1126,2,112.5999984741211,1.0,0.550735354423523
,0.0,,,,1126,3,112.5999984741211,1.0,0.028707340359687805
,0.0,,,,1126,4,112.5999984741211,1.0,0.2311554253101349
,0.0,,,,1127,1,112.69999694824219,1.0,0.18651892244815826
,0.0,,,,1127,2,112.69999694824219,1.0,0.5386573076248169
,0.0,,,,1127,3,112.69999694824219,1.0,0.02988862618803978
,0.0,,,,1127,4,112.69999694824219,1.0,0.24493519961833954
,0.0,,,,1128,1,112.80000305175781,1.0,0.20683987438678741
,0.0,,,,1128,2,112.80000305175781,1.0,0.4918411672115326
,0.0,,,,1128,3,112.80000305175781,1.0,0.028102293610572815
,0.0,,,,1128,4,112.80000305175781,1.0,0.27321669459342957
,0.0,,,,1129,1,112.9000015258789,1.0,0.20937088131904602
,0.0,,,,1129,2,112.9000015258789,1.0,0.5176920890808105
,0.0,,,,1129,3,112.9000015258789,1.0,0.025030218064785004
,0.0,,,,1129,4,112.9000015258789,1.0,0.24790671467781067
,0.0,,,,1130,1,113.0,1.0,0.20664949715137482
,0.0,,,,1130,2,113.0,1.0,0.5089711546897888
,0.0,,,,1130,3,113.0,1.0,0.02594110742211342
,0.0,,,,1130,4,113.0,1.0,0.2584382891654968
,0.0,,,,1131,1,113.0999984741211,1.0,0.23271159827709198
,0.0,,,,1131,2,113.0999984741211,1.0,0.444638192653656
,0.0,,,,1131,3,113.0999984741211,1.0,0.03076453134417534
,0.0,,,,1131,4,113.0999984741211,1.0,0.29188576340675354
,0.0,,,,1132,1,113.19999694824219,1.0,0.2364644557237625
,0.0,,,,1132,2,113.19999694824219,1.0,0.4452386498451233
,0.0,,,,1132,3,113.19999694824219,1.0,0.02857455424964428
,0.0,,,,1132,4,113.19999694824219,1.0,0.2897223234176636
,0.0,,,,1133,1,113.30000305175781,1.0,0.2863186299800873
,0.0,,,,1133,2,113.30000305175781,1.0,0.3563292920589447
,0.0,,,,1133,3,113.30000305175781,1.0,0.027157047763466835
,0.0,,,,1133,4,113.30000305175781,1.0,0.33019500970840454
,0.0,,,,1134,1,113.4000015258789,1.0,0.27235689759254456
,0.0,,,,1134,2,113.4000015258789,1.0,0.35975873470306396
,0.0,,,,1134,3,113.4000015258789,1.0,0.032879702746868134
,0.0,,,,1134,4,113.4000015258789,1.0,0.3350047171115875
,0.0,,,,1135,1,113.5,1.0,0.3022124171257019
,0.0,,,,1135,2,113.5,1.0,0.28307175636291504
,0.0,,,,1135,3,113.5,1.0,0.034915365278720856
,0.0,,,,1135,4,113.5,1.0,0.37980037927627563
,0.0,,,,1136,1,113.5999984741211,1.0,0.32261350750923157
,0.0,,,,1136,2,113.5999984741211,1.0,0.2592272162437439
,0.0,,,,1136,3,113.5999984741211,1.0,0.04828113690018654
,0.0,,,,1136,4,113.5999984741211,1.0,0.36987820267677307
,0.0,,,,1137,1,113.69999694824219,1.0,0.27267536520957947
,0.0,,,,1137,2,113.69999694824219,1.0,0.3344152569770813
,0.0,,,,1137,3,113.69999694824219,1.0,0.04888799786567688
,0.0,,,,1137,4,113.69999694824219,1.0,0.34402137994766235
,0.0,,,,1138,1,113.80000305175781,1.0,0.2811753451824188
,0.0,,,,1138,2,113.80000305175781,1.0,0.3345567584037781
,0.0,,,,1138,3,113.80000305175781,1.0,0.03706270828843117
,0.0,,,,1138,4,113.80000305175781,1.0,0.34720519185066223
,0.0,,,,1139,1,113.9000015258789,1.0,0.2896789014339447
,0.0,,,,1139,2,113.9000015258789,1.0,0.31690970063209534
,0.0,,,,1139,3,113.9000015258789,1.0,0.0293622724711895
,0.0,,,,1139,4,113.9000015258789,1.0,0.36404910683631897
,0.0,,,,1140,1,114.0,1.0,0.36004987359046936
,0.0,,,,1140,2,114.0,1.0,0.20137885212898254
,0.0,,,,1140,3,114.0,1.0,0.03769044578075409
,0.0,,,,1140,4,114.0,1.0,0.40088093280792236
,0.0,,,,1141,1,114.0999984741211,1.0,0.39842960238456726
,0.0,,,,1141,2,114.0999984741211,1.0,0.1328071504831314
,0.0,,,,1141,3,114.0999984741211,1.0,0.035849429666996
,0.0,,,,1141,4,114.0999984741211,1.0,0.43291381001472473
,0.0,,,,1142,1,114.19999694824219,1.0,0.3927399218082428
,0.0,,,,1142,2,114.19999694824219,1.0,0.10852871090173721
,0.0,,,,1142,3,114.19999694824219,1.0,0.03097277320921421
,0.0,,,,1142,4,114.19999694824219,1.0,0.46775856614112854
,0.0,,,,1143,1,114.30000305175781,1.0,0.38653630018234253
,0.0,,,,1143,2,114.30000305175781,1.0,0.12044703960418701
,0.0,,,,1143,3,114.30000305175781,1.0,0.01617388054728508
,0.0,,,,1143,4,114.30000305175781,1.0,0.4768427312374115
,0.0,,,,1144,1,114.4000015258789,1.0,0.37818193435668945
,0.0,,,,1144,2,114.4000015258789,1.0,0.14651578664779663
,0.0,,,,1144,3,114.4000015258789,1.0,0.018682043999433517
,0.0,,,,1144,4,114.4000015258789,1.0,0.4566201865673065
,0.0,,,,1145,1,114.5,1.0,0.3562503755092621
,0.0,,,,1145,2,114.5,1.0,0.14879758656024933
,0.0,,,,1145,3,114.5,1.0,0.01650012843310833
,0.0,,,,1145,4,114.5,1.0,0.4784518778324127
,0.0,,,,1146,1,114.5999984741211,1.0,0.3624930679798126
,0.0,,,,1146,2,114.5999984741211,1.0,0.14223185181617737
,0.0,,,,1146,3,114.5999984741211,1.0,0.015049800276756287
,0.0,,,,1146,4,114.5999984741211,1.0,0.4802252948284149
,0.0,,,,1147,1,114.69999694824219,1.0,0.40753504633903503
,0.0,,,,1147,2,114.69999694824219,1.0,0.12308330088853836
,0.0,,,,1147,3,114.69999694824219,1.0,0.014743332751095295
,0.0,,,,1147,4,114.69999694824219,1.0,0.45463821291923523
,0.0,,,,1148,1,114.80000305175781,1.0,0.36733582615852356
,0.0,,,,1148,2,114.80000305175781,1.0,0.12645293772220612
,0.0,,,,1148,3,114.80000305175781,1.0,0.024299509823322296
,0.0,,,,1148,4,114.80000305175781,1.0,0.48191168904304504
,0.0,,,,1149,1,114.9000015258789,1.0,0.44054123759269714
,0.0,,,,1149,2,114.9000015258789,1.0,0.09858644753694534
,0.0,,,,1149,3,114.9000015258789,1.0,0.01946977898478508
,0.0,,,,1149,4,114.9000015258789,1.0,0.44140252470970154
,0.0,,,,1150,1,115.0,1.0,0.45376816391944885
,0.0,,,,1150,2,115.0,1.0,0.11871979385614395
,0.0,,,,1150,3,115.0,1.0,0.01876586675643921
,0.0,,,,1150,4,115.0,1.0,0.4087460935115814
,0.0,,,,1151,1,115.0999984741211,1.0,0.5325933694839478
,0.0,,,,1151,2,115.0999984741211,1.0,0.12357159703969955
,0.0,,,,1151,3,115.0999984741211,1.0,0.027357978746294975
,0.0,,,,1151,4,115.0999984741211,1.0,0.316476970911026
,0.0,,,,1152,1,115.19999694824219,1.0,0.5077278017997742
,0.0,,,,1152,2,115.19999694824219,1.0,0.1377248615026474
,0.0,,,,1152,3,115.19999694824219,1.0,0.022221030667424202
,0.0,,,,1152,4,115.19999694824219,1.0,0.33232632279396057
,0.0,,,,1153,1,115.30000305175781,1.0,0.4551420211791992
,0.0,,,,1153,2,115.30000305175781,1.0,0.14761875569820404
,0.0,,,,1153,3,115.30000305175781,1.0,0.018066277727484703
,0.0,,,,1153,4,115.30000305175781,1.0,0.3791729211807251
,0.0,,,,1154,1,115.4000015258789,1.0,0.5226658582687378
,0.0,,,,1154,2,115.4000015258789,1.0,0.09518451988697052
,0.0,,,,1154,3,115.4000015258789,1.0,0.0165567509829998
,0.0,,,,1154,4,115.4000015258789,1.0,0.365592896938324
,0.0,,,,1155,1,115.5,1.0,0.5370744466781616
,0.0,,,,1155,2,115.5,1.0,0.08793222904205322
,0.0,,,,1155,3,115.5,1.0,0.011590655893087387
,0.0,,,,1155,4,115.5,1.0,0.36340275406837463
,0.0,,,,1156,1,115.5999984741211,1.0,0.5314872860908508
,0.0,,,,1156,2,115.5999984741211,1.0,0.07769785821437836
,0.0,,,,1156,3,115.5999984741211,1.0,0.0117191718891263
,0.0,,,,1156,4,115.5999984741211,1.0,0.3790956735610962
,0.0,,,,1157,1,115.69999694824219,1.0,0.5321551561355591
,0.0,,,,1157,2,115.69999694824219,1.0,0.06647706031799316
,0.0,,,,1157,3,115.69999694824219,1.0,0.009746761992573738
,0.0,,,,1157,4,115.69999694824219,1.0,0.3916209638118744
,0.0,,,,1158,1,115.80000305175781,1.0,0.5276714563369751
,0.0,,,,1158,2,115.80000305175781,1.0,0.0817151591181755
,0.0,,,,1158,3,115.80000305175781,1.0,0.011657780967652798
,0.0,,,,1158,4,115.80000305175781,1.0,0.3789556324481964
,0.0,,,,1159,1,115.9000015258789,1.0,0.5345600247383118
,0.0,,,,1159,2,115.9000015258789,1.0,0.07799458503723145
,0.0,,,,1159,3,115.9000015258789,1.0,0.011335375718772411
,0.0,,,,1159,4,115.9000015258789,1.0,0.3761099576950073
,0.0,,,,1160,1,116.0,1.0,0.48156848549842834
,0.0,,,,1160,2,116.0,1.0,0.1408303827047348
,0.0,,,,1160,3,116.0,1.0,0.012671471573412418
,0.0,,,,1160,4,116.0,1.0,0.3649297058582306
,0.0,,,,1161,1,116.0999984741211,1.0,0.46893125772476196
,0.0,,,,1161,2,116.0999984741211,1.0,0.11949430406093597
,0.0,,,,1161,3,116.0999984741211,1.0,0.010867837816476822
,0.0,,,,1161,4,116.0999984741211,1.0,0.4007066488265991
,0.0,,,,1162,1,116.19999694824219,1.0,0.45371654629707336
,0.0,,,,1162,2,116.19999694824219,1.0,0.11743795871734619
,0.0,,,,1162,3,116.19999694824219,1.0,0.010453792288899422
,0.0,,,,1162,4,116.19999694824219,1.0,0.4183916747570038
,0.0,,,,1163,1,116.30000305175781,1.0,0.4586002826690674
,0.0,,,,1163,2,116.30000305175781,1.0,0.13569442927837372
,0.0,,,,1163,3,116.30000305175781,1.0,0.008819869719445705
,0.0,,,,1163,4,116.30000305175781,1.0,0.3968854546546936
,0.0,,,,1164,1,116.4000015258789,1.0,0.4501247704029083
,0.0,,,,1164,2,116.4000015258789,1.0,0.12044165283441544
,0.0,,,,1164,3,116.4000015258789,1.0,0.010689804330468178
,0.0,,,,1164,4,116.4000015258789,1.0,0.4187437891960144
,0.0,,,,1165,1,116.5,1.0,0.4362662732601166
,0.0,,,,1165,2,116.5,1.0,0.12683679163455963
,0.0,,,,1165,3,116.5,1.0,0.011983446776866913
,0.0,,,,1165,4,116.5,1.0,0.4249134957790375
,0.0,,,,1166,1,116.5999984741211,1.0,0.47146478295326233
,0.0,,,,1166,2,116.5999984741211,1.0,0.07322520762681961
,0.0,,,,1166,3,116.5999984741211,1.0,0.011977056972682476
,0.0,,,,1166,4,116.5999984741211,1.0,0.4433329105377197
,0.0,,,,1167,1,116.69999694824219,1.0,0.43501996994018555
,0.0,,,,1167,2,116.69999694824219,1.0,0.08933417499065399
,0.0,,,,1167,3,116.69999694824219,1.0,0.013021513819694519
,0.0,,,,1167,4,116.69999694824219,1.0,0.46262434124946594
,0.0,,,,1168,1,116.80000305175781,1.0,0.41858208179473877
,0.0,,,,1168,2,116.80000305175781,1.0,0.09276200085878372
,0.0,,,,1168,3,116.80000305175781,1.0,0.019866231828927994
,0.0,,,,1168,4,116.80000305175781,1.0,0.4687896966934204
,0.0,,,,1169,1,116.9000015258789,1.0,0.3829963207244873
,0.0,,,,1169,2,116.9000015258789,1.0,0.1315867155790329
,0.0,,,,1169,3,116.9000015258789,1.0,0.014323371462523937
,0.0,,,,1169,4,116.9000015258789,1.0,0.4710935354232788
,0.0,,,,1170,1,117.0,1.0,0.37152233719825745
,0.0,,,,1170,2,117.0,1.0,0.14937743544578552
,0.0,,,,1170,3,117.0,1.0,0.009910408407449722
,0.0,,,,1170,4,117.0,1.0,0.46918985247612
,0.0,,,,1171,1,117.0999984741211,1.0,0.3080786168575287
,0.0,,,,1171,2,117.0999984741211,1.0,0.23119133710861206
,0.0,,,,1171,3,117.0999984741211,1.0,0.009403643198311329
,0.0,,,,1171,4,117.0999984741211,1.0,0.451326459646225
,0.0,,,,1172,1,117.19999694824219,1.0,0.3062744140625
,0.0,,,,1172,2,117.19999694824219,1.0,0.24086754024028778
,0.0,,,,1172,3,117.19999694824219,1.0,0.012853074818849564
,0.0,,,,1172,4,117.19999694824219,1.0,0.44000503420829773
,0.0,,,,1173,1,117.30000305175781,1.0,0.3220136761665344
,0.0,,,,1173,2,117.30000305175781,1.0,0.25748491287231445
,0.0,,,,1173,3,117.30000305175781,1.0,0.016605770215392113
,0.0,,,,1173,4,117.30000305175781,1.0,0.40389561653137207
,0.0,,,,1174,1,117.4000015258789,1.0,0.3338969051837921
,0.0,,,,1174,2,117.4000015258789,1.0,0.2520386278629303
,0.0,,,,1174,3,117.4000015258789,1.0,0.030875807628035545
,0.0,,,,1174,4,117.4000015258789,1.0,0.38318872451782227
,0.0,,,,1175,1,117.5,1.0,0.3164919316768646
,0.0,,,,1175,2,117.5,1.0,0.27416855096817017
,0.0,,,,1175,3,117.5,1.0,0.038961391896009445
,0.0,,,,1175,4,117.5,1.0,0.3703780770301819
,0.0,,,,1176,1,117.5999984741211,1.0,0.26606079936027527
,0.0,,,,1176,2,117.5999984741211,1.0,0.3159549832344055
,0.0,,,,1176,3,117.5999984741211,1.0,0.02438763715326786
,0.0,,,,1176,4,117.5999984741211,1.0,0.3935965299606323
,0.0,,,,1177,1,117.69999694824219,1.0,0.18248802423477173
,0.0,,,,1177,2,117.69999694824219,1.0,0.3962618410587311
,0.0,,,,1177,3,117.69999694824219,1.0,0.021880390122532845
,0.0,,,,1177,4,117.69999694824219,1.0,0.3993697464466095
,0.0,,,,1178,1,117.80000305175781,1.0,0.2224826067686081
,0.0,,,,1178,2,117.80000305175781,1.0,0.3520711660385132
,0.0,,,,1178,3,117.80000305175781,1.0,0.020214729011058807
,0.0,,,,1178,4,117.80000305175781,1.0,0.40523141622543335
,0.0,,,,1179,1,117.9000015258789,1.0,0.16134703159332275
,0.0,,,,1179,2,117.9000015258789,1.0,0.39199647307395935
,0.0,,,,1179,3,117.9000015258789,1.0,0.016972670331597328
,0.0,,,,1179,4,117.9000015258789,1.0,0.4296838641166687
,0.0,,,,1180,1,118.0,1.0,0.1839859038591385
,0.0,,,,1180,2,118.0,1.0,0.39216986298561096
,0.0,,,,1180,3,118.0,1.0,0.019620558246970177
,0.0,,,,1180,4,118.0,1.0,0.4042237401008606
,0.0,,,,1181,1,118.0999984741211,1.0,0.22544047236442566
,0.0,,,,1181,2,118.0999984741211,1.0,0.32833442091941833
,0.0,,,,1181,3,118.0999984741211,1.0,0.02298525720834732
,0.0,,,,1181,4,118.0999984741211,1.0,0.4232397973537445
,0.0,,,,1182,1,118.19999694824219,1.0,0.24461013078689575
,0.0,,,,1182,2,118.19999694824219,1.0,0.3107297420501709
,0.0,,,,1182,3,118.19999694824219,1.0,0.02489107847213745
,0.0,,,,1182,4,118.19999694824219,1.0,0.4197690784931183
,0.0,,,,1183,1,118.30000305175781,1.0,0.26006317138671875
,0.0,,,,1183,2,118.30000305175781,1.0,0.29642191529273987
,0.0,,,,1183,3,118.30000305175781,1.0,0.03835412114858627
,0.0,,,,1183,4,118.30000305175781,1.0,0.4051607549190521
,0.0,,,,1184,1,118.4000015258789,1.0,0.2525358498096466
,0.0,,,,1184,2,118.4000015258789,1.0,0.30461639165878296
,0.0,,,,1184,3,118.4000015258789,1.0,0.02567250095307827
,0.0,,,,1184,4,118.4000015258789,1.0,0.4171752333641052
,0.0,,,,1185,1,118.5,1.0,0.272854208946228
,0.0,,,,1185,2,118.5,1.0,0.3020220994949341
,0.0,,,,1185,3,118.5,1.0,0.0425855815410614
,0.0,,,,1185,4,118.5,1.0,0.3825381100177765
,0.0,,,,1186,1,118.5999984741211,1.0,0.286826491355896
,0.0,,,,1186,2,118.5999984741211,1.0,0.27827340364456177
,0.0,,,,1186,3,118.5999984741211,1.0,0.05565818026661873
,0.0,,,,1186,4,118.5999984741211,1.0,0.379241943359375
,0.0,,,,1187,1,118.69999694824219,1.0,0.2749898135662079
,0.0,,,,1187,2,118.69999694824219,1.0,0.27877524495124817
,0.0,,,,1187,3,118.69999694824219,1.0,0.07547227293252945
,0.0,,,,1187,4,118.69999694824219,1.0,0.3707626760005951
,0.0,,,,1188,1,118.80000305175781,1.0,0.2651834785938263
,0.0,,,,1188,2,118.80000305175781,1.0,0.2993207573890686
,0.0,,,,1188,3,118.80000305175781,1.0,0.07479843497276306
,0.0,,,,1188,4,118.80000305175781,1.0,0.36069732904434204
,0.0,,,,1189,1,118.9000015258789,1.0,0.2676614820957184
,0.0,,,,1189,2,118.9000015258789,1.0,0.28160473704338074
,0.0,,,,1189,3,118.9000015258789,1.0,0.08020974695682526
,0.0,,,,1189,4,118.9000015258789,1.0,0.3705240786075592
,0.0,,,,1190,1,119.0,1.0,0.2590077817440033
,0.0,,,,1190,2,119.0,1.0,0.3090849220752716
,0.0,,,,1190,3,119.0,1.0,0.07406218349933624
,0.0,,,,1190,4,119.0,1.0,0.35784515738487244
,0.0,,,,1191,1,119.0999984741211,1.0,0.24453188478946686
,0.0,,,,1191,2,119.0999984741211,1.0,0.307912141084671
,0.0,,,,1191,3,119.0999984741211,1.0,0.0643530786037445
,0.0,,,,1191,4,119.0999984741211,1.0,0.38320285081863403
,0.0,,,,1192,1,119.19999694824219,1.0,0.2348131239414215
,0.0,,,,1192,2,119.19999694824219,1.0,0.30805379152297974
,0.0,,,,1192,3,119.19999694824219,1.0,0.08663636445999146
,0.0,,,,1192,4,119.19999694824219,1.0,0.3704967498779297
,0.0,,,,1193,1,119.30000305175781,1.0,0.27412423491477966
,0.0,,,,1193,2,119.30000305175781,1.0,0.30670490860939026
,0.0,,,,1193,3,119.30000305175781,1.0,0.058136872947216034
,0.0,,,,1193,4,119.30000305175781,1.0,0.36103394627571106
,0.0,,,,1194,1,119.4000015258789,1.0,0.27024421095848083
,0.0,,,,1194,2,119.4000015258789,1.0,0.30295485258102417
,0.0,,,,1194,3,119.4000015258789,1.0,0.05850151553750038
,0.0,,,,1194,4,119.4000015258789,1.0,0.3682994544506073
,0.0,,,,1195,1,119.5,1.0,0.2710336446762085
,0.0,,,,1195,2,119.5,1.0,0.3184214234352112
,0.0,,,,1195,3,119.5,1.0,0.05218431353569031
,0.0,,,,1195,4,119.5,1.0,0.35836061835289
,0.0,,,,1196,1,119.5999984741211,1.0,0.2939186990261078
,0.0,,,,1196,2,119.5999984741211,1.0,0.3020664155483246
,0.0,,,,1196,3,119.5999984741211,1.0,0.05565882474184036
,0.0,,,,1196,4,119.5999984741211,1.0,0.3483560383319855
,0.0,,,,1197,1,119.69999694824219,1.0,0.28564274311065674
,0.0,,,,1197,2,119.69999694824219,1.0,0.2947100102901459
,0.0,,,,1197,3,119.69999694824219,1.0,0.06311611831188202
,0.0,,,,1197,4,119.69999694824219,1.0,0.3565311133861542
,0.0,,,,1198,1,119.80000305175781,1.0,0.26766565442085266
,0.0,,,,1198,2,119.80000305175781,1.0,0.3080812692642212
,0.0,,,,1198,3,119.80000305175781,1.0,0.057324204593896866
,0.0,,,,1198,4,119.80000305175781,1.0,0.36692896485328674
,0.0,,,,1199,1,119.9000015258789,1.0,0.2513449490070343
,0.0,,,,1199,2,119.9000015258789,1.0,0.31219351291656494
,0.0,,,,1199,3,119.9000015258789,1.0,0.07075676321983337
,0.0,,,,1199,4,119.9000015258789,1.0,0.365704745054245
,0.0,,,,1200,1,120.0,1.0,0.25715938210487366
,0.0,,,,1200,2,120.0,1.0,0.320352703332901
,0.0,,,,1200,3,120.0,1.0,0.05556033179163933
,0.0,,,,1200,4,120.0,1.0,0.3669276833534241
